sampleID	isIncluded	subjectID	measurementid	perturbid	exptblock	intv	Clostridium-hiranonis	Clostridium-difficile	Proteus-mirabilis	Clostridium-scindens	Ruminococcus-obeum	Clostridium-ramosum	Bacteroides-ovatus	Akkermansia-muciniphila	Parabacteroides-distasonis	Bacteroides-fragilis	Bacteroides-vulgatus	Enterococcus-faecalis	Klebsiella-oxytoca	Lactobacillus-reuteri	Roseburia-hominis	Escherichia-coli
1	1	1	0.75	0	1	0	122890456.533793	0	110211940.114596	88252418.2120633	2485983.61160742	270060686.340953	617684061.364056	67370155.874561	3148912.57470273	280999014.232025	1732233380.56805	8618076.52023905	1828689544.69842	3314644.81547656	414330.60193457	243460661.696753
2	1	1	1	0	1	0	139769291.317211	0	130984357.046567	45405278.2527662	40272507.6676709	448920011.942567	1603003736.57592	586517746.473776	7501741.62437007	428290222.475549	1763007988.8536	10857783.9300093	1781564928.66126	2368971.03927476	8883641.39728035	275787711.822237
3	1	1	2	0	1	14	112548827.783795	0	118403969.113588	21577280.0857179	152342103.117757	577381992.243458	2412535084.96093	2950449087.49985	17999138.1619557	554720426.726297	956014464.903393	5312998.61407125	971086032.400452	7915283.64953472	164269242.863632	287444067.875569
4	1	1	3	0	1	0	8130392.180293	0	70269818.1296752	9485457.54367517	30198599.5268026	307019095.189159	1023558301.26903	1658890375.92907	43071720.4789332	173351576.129819	258430322.873599	677532.681691083	265979972.7553	2129388.42817198	102307434.935354	96500011.94943
5	1	1	4	0	1	0	6887321.98357842	0	86671150.9022591	14251983.1145336	51416245.3031498	406147423.110822	1285542515.19228	1533213341.37403	59871967.3423946	262263765.830125	320908289.650694	272765.227072413	117834578.095282	681913.067681032	106173864.637937	157862875.168159
6	1	1	6	0	1	0	2097392.03004381	29130.4448617196	46666972.6684749	9991742.58756983	38510448.1071934	167004840.392239	642617613.649535	740495908.384913	34548707.6059995	212506595.266245	31723054.4544127	174782.669170318	51269582.9566266	0	39821318.1259707	76875243.9900781
7	1	1	8	0	1	0	2911695.33851276	0	81654064.9278579	12343056.3263041	82350339.900111	133241710.599334	1139169152.33074	1341848466.98113	74374826.581576	378014012.208657	104061459.489456	63297.7247502775	92477975.8601554	0	82603530.7991121	124823113.207547
8	1	1	10	0	1	0	2933428.34315821	0	73335708.5789553	12480404.2236186	102990002.375246	187952754.205264	1360897410.98227	1355883915.26851	78349204.2927166	482042279.372071	120857247.738118	320010.364708169	67468851.8926389	53335.0607846948	92589665.5222301	178512448.446373
9	1	1	14	0	1	0	11362411.974188	0	85537258.6820896	15320106.0326131	263505823.760945	384023991.217501	2384957506.62704	2347678581.94768	134433930.43618	1332466222.18652	106347069.376389	127667.550271776	118092484.001392	0	314317508.769111	448496104.104747
10	1	1	17	0	1	0	7715760.43599035	0	82679668.2013476	19289401.0899759	282457347.725372	443504935.649132	2256027835.71545	2319645036.95729	186312921.11612	1165004181.12439	240852757.13915	75644.7101567681	174663635.751978	0	225799459.817953	465971414.565692
11	1	1	21	0	1	0	6280310.08317969	0	73452322.2771886	10594610.053364	127681434.560645	215332718.765022	2091179423.52275	2019966168.3187	119271280.188386	443389891.872486	388723888.452809	109222.784055299	109932732.151658	0	149908271.115898	227401836.403132
12	1	1	24	0	1	0	7948545.49349595	0	145486770.193453	17032597.4860627	220714075.756896	412046920.850335	2633381509.65768	3584510140.9419	303747988.501452	808764503.963213	581947080.77381	141938.312383856	172596987.858769	0	217307556.259684	391040050.617524
13	1	1	28	0	1	0	4812238.96006382	0	70296431.867599	7265537.25342969	86573122.4678149	105539005.428066	1634604345.58168	1568742722.16747	120353152.81493	566617548.140848	406539834.498725	188715.253335836	116107059.614873	0	112663006.241494	226269588.749668
14	1	1	28.75	0	1	0	1574610.83914685	82874.2546919393	31823713.8017047	5442076.05810402	57846229.7749737	99034734.3568675	476167842.708319	850041230.375222	57597607.0108978	174643679.38748	105084554.949379	27624.7515639798	38647027.4380077	0	84006869.5060625	88979324.7875789
15	1	1	29	0	1	0	1547329.17529308	998276.887285859	36287364.852841	7187593.58845818	58449111.750587	68481794.4678099	1143027035.94231	1595296379.72717	84204655.4425622	312460665.720474	228006441.05609	99827.6887285859	75819129.589361	0	84204655.4425622	137263072.001806
16	1	1	30	0	1	0	1507838.01436969	10515186.1528413	36743631.6133246	19562214.2390594	8332789.02677988	94279555.8458524	407909862.834749	780782331.809275	16744937.9490529	598849771.391248	113167210.97322	277759.634225996	63725996.0809928	0	34680274.3305029	242841280.209014
17	1	1	31	0	1	0	0	235371563.695288	13017070.8269742	3929681.75908654	30291296.8929588	969157763.834718	915943323.347088	783070958.867974	4912102.19885818	2146261187.4211	22841275.2246905	1555499.02963842	106592617.715222	0	35776477.6816837	524530646.468072
18	1	1	32	0	1	0	0	442970138.725605	2765106.9833059	5944980.01410769	276510.69833059	1556340465.55373	1603485539.61909	4700681.87162003	0	2753355278.62685	362229014.813073	4977192.56995062	318125558.429344	276510.69833059	2626851.63414061	1761649659.06419
19	1	1	34	0	1	0	0	396903601.089405	8933122.62533203	2729565.24662923	606459769.341986	883014357.284557	1114903332.10047	5583201.64083252	0	1697417369.96066	1412550015.13063	496284.590296224	77916680.6765072	124071.147574056	79033321.0046737	1093811237.01288
20	1	1	36	0	1	0	0	286485917.34667	19145194.1544071	6227954.72492761	966601639.807747	1304756514.87233	1447307478.57623	4497967.30133661	230664.989812134	981364199.155723	1789037660.98291	1614654.92868494	131133046.708198	0	118100474.783813	830163298.33387
21	1	1	38	0	1	0	0	436611315.651063	17645953.8658051	25880732.3365141	409218072.983194	773733062.839682	1908451924.76269	5713927.91845117	504170.110451574	822133393.443034	1558053697.99885	2856963.95922559	159653868.309665	0	239984972.574949	349389886.542941
22	1	1	42	0	1	0	0	184074966.866621	45024451.7407146	24688407.7044918	242756835.635353	509526712.199087	1950234127.14905	53353975.3127468	52903730.7953396	927653787.364523	630567446.628708	1050570.54061667	163738922.830399	0	228349011.078324	402668680.067791
23	1	1	45	0	1	0	0	79492040.0173989	23705480.6437582	5736015.65898217	90913310.1348412	177461157.024793	965985645.933014	5736015.65898217	48375424.0974337	398678468.899522	254364375.815572	304567.203131796	61268769.0300131	50761.2005219661	80151935.6241844	141776033.057851
24	1	1	49	0	1	0	0	49515022.4745683	28294298.5568961	4298556.89614384	99465341.8500118	185001182.872013	1177206056.30471	1500958126.33073	54629761.0598533	365812633.073102	303021055.121836	598533.238703572	57459190.9155429	0	104797728.885735	132275845.753489
25	1	1	52	0	1	0	0	31504998.5051582	25644768.2585708	3756557.85037658	137389842.447773	147457417.486782	1299969365.98232	1327868068.95111	31204473.8771281	518304808.475958	297218857.121795	0	47733328.418785	0	107437554.52077	101126537.332137
26	1	1	56	0	1	0	0	105527302.777954	78398279.4058441	22530883.8175153	738691119.44568	1093897400.03814	4719760345.814	3704721039.13716	208065814.845422	1831668891.5729	1014809399.69911	1379441.86637849	160015256.499905	0	400038141.249762	386933443.519166
27	1	2	0.75	0	1	NA	12305536.6292118	0	129257753.706035	62817779.7281536	148857.297934013	112288021.741557	459324002.325053	13893347.8071746	2530574.06487822	218274417.870575	1411117565.31513	18259828.5465723	1461183236.52027	843524.688292741	446571.893802039	393677933.936153
28	1	2	1	0	1	NA	13743016.7597765	245411.013567438	148391859.537111	82539904.2298484	654429.369513168	256372705.506784	1135434956.10535	84012370.311253	4171987.23064645	483296089.385475	1608750997.60575	16524341.5802075	1943164405.42698	818036.711891461	163607.342378292	371470470.869912
29	1	2	2	0	1	NA	12542369.1387058	104519.742822548	86960426.0283602	33864396.6745056	87169465.5140053	314081827.181758	2231705548.74705	3063891741.10018	17559316.7941881	757141017.00654	1152539204.10424	6271184.5693529	1334926155.32959	89364380.1132788	80584721.7161847	197960392.905906
30	1	2	3	0	1	NA	5063782.7098056	0	60952940.0254378	8439637.84967601	43604795.5566594	219149262.82992	1071646459.40108	1477686813.72438	54013682.2379264	229276828.249532	448238543.571681	1219058.80050876	357184228.549066	10408886.6812671	66954460.2740963	99493952.8722916
31	1	2	4	0	1	NA	7408481.86656765	0	66849432.169823	7270005.56999629	28664593.3902711	204252537.442753	1099778747.36972	879428340.450551	31814929.1372695	181923234.620621	245691569.191732	173095.370714197	114831468.931799	311571.667285555	20217539.2994182	94717786.8548088
32	1	2	6	0	1	NA	1093153.29478266	29544.6836427746	50285051.5600024	11020166.9987549	44198846.7295908	146187094.664449	840309892.167795	809155023.266489	23931193.7506474	301001236.952588	31095779.5340203	118178.734571098	58941643.8673353	29544.6836427746	44863602.1115532	62073380.3334694
33	1	2	8	0	1	NA	3585010.36304072	138953.890040338	83344543.2461946	15118183.2363888	91098170.3104455	157907200.64184	1357857413.47418	1470243319.73881	72311604.3769918	515935793.719774	124002451.471997	111163.11203227	99018542.0427448	0	40796862.1158432	125197454.926344
34	1	2	10	0	1	NA	5843957.49525002	443844.873056963	92911526.7599243	12279708.154576	141512540.359662	187006639.848001	2321160737.7969	1909050773.16351	88842948.7569022	757199353.435179	128271168.313462	295896.582037976	107336485.134276	0	71163127.9801331	263347958.013798
35	1	2	14	0	1	NA	8296864.43446615	0	96613900.7286182	10353938.2611933	194530614.88083	174371291.378904	2394159657.80017	1381325074.64728	133778367.864822	971281691.853	154074829.621863	685691.275575715	74877487.292868	0	101893723.550551	320423533.076532
36	1	2	17	0	1	NA	10031863.5008737	41114.1946757118	48967005.8587727	14924452.6672834	158207421.112139	233651968.34207	1303319971.22006	1480892178.02446	104183369.308254	523630383.389865	174899784.150478	370027.752081406	103319971.220064	0	77541371.1583924	299352451.433858
37	1	2	21	0	1	NA	7284828.66793364	220752.383876777	88816042.4464233	30022324.2072417	265933038.443557	473145942.775892	2447187343.52999	3377879393.95448	190730059.669535	782714369.099092	435323701.005004	441504.767753554	163798268.836569	0	160486983.078417	442682113.800897
38	1	2	24	0	1	NA	2975159.75478674	165286.653043708	50081855.8722434	12396498.9782781	180410381.797207	299003555.356067	1854764177.12997	3055158494.85989	117270880.334511	441728580.259309	348672194.595701	165286.653043708	154543020.595867	0	142229164.94411	337102128.882642
39	1	2	28	0	1	NA	5051966.14164792	54912.6754526947	47224900.8893175	15320636.4513018	127726883.102968	314429979.64213	1281222543.66227	1571271295.40341	168417175.613415	434798564.234437	312178559.94857	109825.350905389	112021857.923497	0	99172291.8675667	294331940.426444
40	1	2	28.75	0	1	NA	3001943.67478599	71474.8493996664	35701687.2751334	9148780.7231573	127153757.082007	193839791.571895	906015190.990171	1314565430.15866	116718429.069655	264564155.052865	201165963.635361	250161.972898832	72868608.9629599	0	67329308.1344858	144271983.513227
41	1	2	29	0	1	NA	1632565.71681025	791547.01421103	38340558.5008468	5243998.96914807	61344893.6013548	87317530.0051543	907360236.727782	1605455231.57352	77423192.3275164	276299379.648038	200360337.972167	98943.3767763788	68914061.9247478	0	118583637.06649	134167218.90877
42	1	2	30	0	1	NA	1959578.94736842	23012491.2280702	58083929.8245614	47381614.0350877	18992842.1052632	106520701.754386	740519859.649123	979739228.070176	111896982.45614	712633543.859649	183145263.157895	1004912.28070175	45824000	100491.228070175	32157192.9824561	517027368.421053
43	1	2	31	0	1	NA	115619.402229646	191928207.701212	19424059.5745805	10174507.3962088	426057497.216244	1248920782.88463	1527216684.05139	821128994.634943	12718134.245261	2639937811.1095	359923199.140887	1618671.63121504	66365536.8798165	115619.402229646	13989947.6697871	1417031393.72654
44	1	2	32	0	1	NA	0	113922351.96491	90832157.7460336	9654436.60719578	299207081.184676	686671803.6868	1541008989.78523	48352636.6743722	7884456.56254322	2698093217.15765	50927153.1029577	5873115.60271077	30331021.6742734	0	97348902.4558908	1106559342.46142
45	1	2	34	0	1	NA	67797.631602736	132951155.572965	39797209.750806	8474703.950342	356683339.861994	837097357.398982	1715415674.81243	16271431.5846566	101357459.24609	2276034290.53545	205969204.809112	3254286.31693133	67323048.1815169	0	131391810.046102	857911230.301022
46	1	2	36	0	1	NA	117267.023972745	351097469.774399	20287195.1472849	11961236.44522	319083572.229839	771030682.620799	1466189600.73123	853117599.40172	126882919.93851	2511038784.32839	382876833.271012	7622356.55822843	77513502.8459845	0	102139577.880261	525708068.469816
47	1	2	38	0	1	NA	0	258911832.186168	125524184.108255	19221800.8147212	125087324.998829	606651683.288851	1335623917.21684	2750901812.05225	185082642.693262	1002300416.7252	486224188.790561	5533548.71938943	115330804.888327	0	133242028.374772	106884862.106101
48	1	2	42	0	1	NA	0	81684221.7257155	58945100.5426109	11259176.5081392	88895981.8420399	275150725.25446	806318934.638437	1459498350.88839	137980104.266411	627423130.120226	360808773.983048	735893.88942086	73000673.8305493	0	113916374.082349	54308969.0392595
49	1	2	45	0	1	NA	0	66119939.952376	47582565.4829692	12886944.8183042	107556424.060462	313846671.498085	686576767.781344	1297913603.89274	152363339.890258	543829071.332436	370747489.388135	495651.72378093	53926907.5473652	99130.3447561859	113405114.401077	62452117.1963971
50	1	2	49	0	1	NA	0	46214893.2219127	30276323.1197772	8212887.65088208	52478960.0742804	197944512.534819	545600222.841226	1359580909.935	118390863.509749	354546183.844011	174349860.724234	487205.199628598	62014261.8384401	0	68835134.6332405	104401114.206128
51	1	2	52	0	1	NA	0	36417144.1837887	27768807.842889	7707020.82080181	80835470.2884098	252860881.586307	817120703.66501	1251361319.53019	174790525.638184	510075347.453066	268274923.22791	235328.880024483	78129188.1681282	0	124371313.092939	86718692.2890218
52	1	2	56	0	1	NA	0	168948886.954359	97241802.4292169	22036811.3418729	298721220.412055	1095544335.28168	3117684118.89069	4281437632.13531	761494258.591386	2134772374.91191	1032931807.81826	1399162.62488082	274585665.132861	0	421497740.745347	355037516.063508
53	1	3	0.75	0	1	NA	146255894.913676	0	112246442.811747	17996032.9507964	991306.899832007	169132207.986723	694448610.520776	99740724.998482	3736464.46859757	316760681.684781	2236922146.65938	11819428.4210739	997712267.49246	2973920.69949602	305017.507640618	212215930.94096
54	1	3	1	0	1	NA	474546391.499595	0	255501214.694118	54684056.8329611	42326077.8876592	660225025.152757	3218326666.83026	977516134.573385	11431130.5244043	1072981521.92584	3323678437.33896	47887168.4130451	1935877401.78155	10195332.6298741	617898.947265098	503896591.494687
55	1	3	2	0	1	NA	97660711.8326196	0	121745954.953502	15506937.3518011	144346491.306659	760664767.331434	2796197745.88328	2886269956.45864	36457799.5185962	501171017.81672	841003900.207254	4124185.46590454	702266301.134226	1979609.02363418	105249213.089884	192022075.292516
56	1	3	3	0	1	NA	31365376.0569648	0	126161103.693814	6995994.65954606	31715175.7899421	332426346.23943	1529674232.30975	1589140186.91589	83019136.6266133	323448153.093013	343036938.139742	466399.643969737	223405429.461504	0	54102358.7004895	128376502.00267
57	1	3	4	0	1	NA	11813871.03922	0	82806484.9693478	11266932.5651821	35222837.7280449	529436442.86875	1907612009.74961	1451355934.70714	67929758.4755152	405828347.73617	184208878.055986	765713.86365315	94729743.7033754	218775.389615186	46161607.2088042	107309328.606249
58	1	3	6	0	1	NA	1932744.85077764	0	34858433.915811	6281420.76502732	33512415.180448	132634615.384615	508173842.550892	504273839.54843	23089398.3066114	170323139.974779	38447817.2101123	69026.6018134871	23607097.8202126	0	18257536.1796673	37205338.3774695
59	1	3	8	0	1	NA	5581504.42650824	0	130979303.875393	40558932.1659599	157398424.827532	435729445.562743	1838547558.09181	2364945442.22739	114234790.595869	599577608.838685	164096230.139342	372100.295100549	106172617.535357	0	177491840.762962	210980867.322011
60	1	3	10	0	1	NA	3782364.92303816	0	57863547.5945486	12143382.121333	68613426.8494992	196882047.836039	1174059343.56691	911019088.217383	70803217.0681002	367420255.769513	90975829.9909704	0	37956363.7890847	199071.83805464	53815753.5541043	114399949.602066
61	1	3	14	0	1	NA	1477545.56949437	0	44326367.084831	5356102.68941708	136549836.380771	189372090.490195	1296854059.22495	1387784676.14758	70737494.1395428	696170220.826763	77140191.6073517	184693.196186796	111369997.300638	0	79233381.1641354	236653548.714014
62	1	3	17	0	1	NA	5168836.97727625	0	82270655.2216469	37617646.8901771	273086886.966095	594990567.606466	2213410856.71363	2931161302.5304	125775033.113722	958101365.260122	277968566.333523	0	206179163.871352	0	265333631.500181	375602153.682074
63	1	3	21	0	1	NA	3302598.01606046	0	107570335.380255	27678916.7060305	241246921.744607	623090159.030074	2353179719.72918	2829225633.75846	181171091.166745	914976917.020941	401816091.954023	786332.860966777	131160321.209258	0	191707951.5037	316420343.253031
64	1	3	24	0	1	NA	3260454.93786264	434727.325048351	197583569.234476	33256640.3661989	271052487.167647	736862815.956956	2648141500.53203	4008185936.9458	299744490.620838	1147028047.14007	713604904.066869	217363.662524176	218885208.161845	0	252576575.853092	295831944.695403
65	1	3	28	0	1	NA	1243264.43454615	0	84768029.6281468	17405702.0836461	120031529.953456	348340089.751931	1154540563.53536	1597029678.19428	151113140.81711	359303421.583838	371962114.008308	226048.079008391	98443938.4081544	0	139132592.629665	73126553.5592146
66	1	3	28.75	0	1	NA	1005554.37251562	0	73472506.1518077	14479982.9642249	88421747.8232065	240461568.947568	1012660290.08139	1447059779.00814	114566161.508613	268818202.252508	266538945.674806	268147.832670831	75751762.7295098	0	116778381.128147	57383636.1915578
67	1	3	29	0	1	NA	607652.399481193	557014.699524427	53878512.7539991	12861975.7890186	63803501.9455253	200677204.928664	807772589.710333	999233733.246866	83045827.9290964	191309230.436662	206348627.323822	405101.599654129	58435905.7501081	0	95502702.1184609	36560419.3687851
68	1	3	30	0	1	NA	1469076.12602563	30942415.9044149	183818150.268957	23413400.7585335	23872487.0479165	394263305.322129	775396742.767904	1611117423.96073	82819166.604695	1156989266.50306	127717805.706353	27269725.5893508	66567511.9605364	0	58854862.2989019	1608821992.51382
69	1	3	31	0	1	NA	92581.273481496	222472800.176035	57307808.285046	8147152.06637165	2592275.65748189	1064777226.31069	149333594.125653	256264964.996781	37217671.9395614	1415845415.35252	53141650.9783787	462906.36740748	60825896.6773428	0	54345207.5336381	403839514.926285
70	1	3	32	0	1	NA	0	243773592.672636	5309732.08466262	853349.799320778	189633.288737951	1108691022.60643	201106102.706597	3792665.77475901	663716.510582827	1810523824.22558	6352715.17272135	3128949.26417619	16782546.0533086	0	3508215.84165209	1201990600.6655
71	1	3	34	0	1	NA	0	213505315.652683	21856468.3322177	17606599.4898421	473556813.864718	1195629767.65502	2433555849.02702	3035620.60169691	0	5117449210.34065	100984978.683117	3440370.0152565	236980781.639139	202374.706779794	70628772.6661481	1298233743.99238
72	1	3	36	0	1	NA	0	249317788.391349	10318893.7785471	40776273.8023234	449870481.990531	987285127.328092	2128521492.48128	4327278.03616493	1497903.93559555	2601359834.81761	881766116.753916	3661542.95367802	318720670.740609	166433.770621728	49597263.645275	252480030.033162
73	1	3	38	0	1	NA	0	214303563.362396	29810709.6895162	25849846.1643357	302693359.924318	786127176.49766	2451774522.08671	1420073807.02786	38983235.7478288	612683047.395021	1538065846.77797	625399.503975864	170525598.084085	0	303527225.929619	257247662.635405
74	1	3	42	0	1	NA	115679.368973659	135113502.961234	50320525.5035416	21863400.7360215	334660414.440795	422692414.22975	2243022964.39925	6015327.18663026	82595069.4471924	1171369290.22727	715592576.471054	1156793.68973659	135229182.330207	115679.368973659	278208882.38165	248594963.924393
75	1	3	45	0	1	NA	114627.2144149	57428234.421865	83104730.4508026	13182129.6577135	140762219.301497	286338781.608421	1482473764.0279	8597041.08111751	113710196.699581	398100315.662948	449338680.506409	802390.500904301	82760848.8075579	0	145576562.306923	139042811.085274
76	1	3	49	0	1	NA	0	37466241.7817397	39595005.5193385	14390442.8661682	98774637.4245864	202573157.269906	1183762939.20397	1528622664.69498	82936635.216851	285509792.486757	294195148.53616	596053.846527677	78764258.2911573	0	119040468.206527	122105887.98867
77	1	3	52	0	1	NA	104044.003323699	50461341.6119939	70645878.2567914	10300356.3290462	136921908.373987	359992251.499997	1683015797.76415	2824378514.22512	153568948.905779	520011928.611846	409413153.078754	416176.013294795	116841415.732514	0	209648666.697253	257612952.229478
78	1	3	56	0	1	NA	0	26663739.1590734	47031873.2389212	8517583.3424818	139429136.019322	296448933.289421	1578715556.04347	1703331503.64109	45920884.1072932	506240714.311853	435137409.887657	740659.421085373	43328576.1334943	185164.855271343	116283529.110404	112024737.439163
79	1	4	0.75	0	1	NA	79935305.8479803	0	52849788.9904002	13392616.9827946	1381301.30315819	105519408.245606	401177943.699856	43300793.0250893	3903677.59588183	139391318.462181	1138612669.85113	8167694.66215276	493605017.854658	3603394.70389092	60056.5783981821	105038955.61842
80	1	4	1	0	1	NA	294718531.291206	0	147724921.391622	53629509.4161004	47291476.4851067	504117388.511343	2307775298.37374	748375426.851946	19014098.792981	576273455.725733	2835782195.62498	29008689.1841634	1548186428.64388	15601311.8301383	8531967.40710687	476815092.808601
81	1	4	2	0	1	NA	154840296.47356	535779.572572872	110638481.736298	13394489.3143218	22770631.8343471	689548309.901286	3087429786.95117	3312992987.00435	68847675.0756141	609181374.015355	1611357064.51291	6965134.44344733	691155648.619005	2411008.07657792	141445807.159238	223152191.976601
82	1	4	3	0	1	NA	39512944.1171219	0	95662917.33619	15987145.1526513	27685056.2399572	453099089.448313	1905849669.70184	2633589716.12212	84744866.9880378	361205499.018032	628697732.547759	3769326.90590966	523286555.972148	1949651.84788431	255794322.442421	249165506.159614
83	1	4	4	0	1	NA	7326300.69770172	0	78757732.5002935	11684186.4575415	31389409.0237738	350083489.373799	1185660715.49961	1019745267.80252	59305140.9926028	238799508.086295	175578585.6863	442104.352447518	73831426.8587355	0	88168239.4309621	85894559.9040892
84	1	4	6	0	1	NA	2806775.37842454	0	69516646.0005147	10443815.3615797	64098916.7816953	255808202.512692	961157382.495379	799735161.312963	42493273.7524273	347387408.464544	88054418.2673186	130547.692019746	22650024.5654259	0	65991858.3159816	59595021.407014
85	1	4	8	0	1	NA	4049687.31260173	0	74102173.1060282	9378223.25023559	112112396.127816	141881150.232731	1547762072.01805	1275367314.8862	61953111.168223	436229475.427625	179962420.400354	0	47601587.7095291	426282.875010708	107423284.502699	148346440.503727
86	1	4	10	0	1	NA	6411195.39628564	67486.2673293225	59860319.1211091	8030865.81218938	95155636.9343448	213661522.364635	1059264452.00105	1357081349.72535	90499084.4886215	313068794.140727	255030604.23751	134972.534658645	83480512.686372	0	158930159.560555	169255558.461941
87	1	4	14	0	1	NA	7993847.92848217	0	76577429.5876189	7085456.11842738	148612900.124964	311669230.029799	1472503124.09882	1955313371.14294	149157935.210997	644503989.233875	262434393.924829	181678.362010958	144615976.160723	0	245992502.162838	243358165.913679
88	1	4	17	0	1	NA	5076190.30127157	0	34341530.9077329	5385175.79787071	76098713.7338451	145134901.831139	709165855.480253	702897863.977813	63695153.0846511	317813653.644829	91812833.2751728	176563.140913794	57912710.2197244	0	100552708.750406	93269479.1877116
89	1	4	21	0	1	NA	26151931.173348	419549.697968149	131039355.665385	31326377.4482885	310466776.496431	653938129.233022	3231092073.95204	3021177375.06864	267532857.404357	1008177924.21746	532268716.822259	419549.697968149	154813838.550247	0	372280431.997071	445561779.242175
90	1	4	24	0	1	NA	19406913.4935954	0	128948158.546334	30188532.1011484	297357041.196311	735090756.662962	3078152112.45638	3613567292.50746	374553430.426391	859295003.021973	827812676.687918	862529.488604239	218435592.989023	0	395685402.897194	480644557.524712
91	1	4	28	0	1	NA	5267869.76393535	0	52759741.7895679	12967064.0343024	80719973.6135325	209823304.905056	1522171229.32667	1812714507.84526	203826037.789191	324095556.707346	329849691.372568	162088.30042878	118567591.763653	0	227328841.351364	259746501.43712
92	1	4	28.75	0	1	NA	4021973.39210189	268131.55947346	47928516.2558809	11127459.7181486	92438355.1284752	256199705.076891	1205720590.06228	1466612597.42996	123742714.697002	275572210.248848	229788746.468755	67032.8898683649	70384534.3617831	0	173950349.208407	178843750.168798
93	1	4	29	0	1	NA	2434990.26415372	1649509.53378155	30947940.7766634	9111576.47231713	69907785.0031228	208545133.91381	1155677798.59657	1261717697.19681	118057753.774937	254495756.640582	184745067.783534	78548.0730372167	51684632.0584886	0	94807524.1559205	119471619.089607
94	1	4	30	0	1	NA	3175349.17587873	8874693.85053287	53818097.5706626	26868339.1805123	35254517.7732177	167723571.854107	952604752.76362	1338613225.65698	94609121.5992586	428346461.905077	175539815.979347	162838.419275832	87444231.151122	0	73765803.9319521	243199179.188456
95	1	4	31	0	1	NA	0	189596894.692393	38792633.0150068	3358669.52510882	12930877.6716689	983418436.951861	1575216007.27603	2647639186.64328	17633015.0068213	2026789124.92691	74730396.9336711	3358669.52510882	114194763.8537	0	89508542.8441499	839163580.848438
96	1	4	32	0	1	NA	0	30479175.7899832	7637310.71519119	5255030.30861779	25434346.6937101	393917071.933989	516814714.084864	873876506.787748	350335.353907853	506234586.396847	283981837.877705	770737.778597276	95921819.89997	70067.0707815705	70557540.2770415	228628851.960265
97	1	4	34	0	1	NA	0	49250742.4246406	9941920.05466348	10247825.2871147	144846127.565636	410218916.717038	1215208535.91233	2081379201.59786	305905.232451184	496178287.03582	731878268.639458	2600194.47583506	98195579.61683	305905.232451184	208474415.915482	360662269.059946
98	1	4	36	0	1	NA	0	271306101.86586	30721426.2406929	18153570.0513186	228016819.435792	776414226.81024	1593524368.90036	3027057933.61217	5785203.64272789	873565750.051912	1191153481.05959	9176529.91605114	114307644.389072	0	290656610.601881	536827000.088992
99	1	4	38	0	1	NA	0	311416638.446777	38762134.5524326	5773083.86951123	136739615.080709	715037673.55232	1438322609.77537	2651330003.38639	14680127.5539	931775736.539113	969383254.317643	824726.267073033	60699853.2565752	0	232737752.56801	285850124.167513
100	1	4	42	0	1	NA	0	245563843.477432	67911443.6871455	17059879.5735824	171583019.557377	670420459.781072	1323452965.38138	2155122094.59352	18864289.913096	856110687.447373	808211794.798468	984223.821552833	44126034.6662854	0	302812862.431088	201109734.203962
101	1	4	45	0	1	NA	0	82711596.0315693	47432890.4723026	6708478.68576659	89735767.8319602	333214082.48596	935004082.238551	1473971152.18091	39461639.3280388	555619881.738786	440707588.015537	789232.786560776	35594398.673891	0	139694203.221257	72688339.6422475
102	1	4	49	0	1	NA	0	54023422.7427276	35215268.1582225	5042186.12265458	48180889.6164771	187121129.440737	863334312.778967	1575323007.17794	50021687.7247478	365518476.542277	360556325.119982	720312.303236368	47620646.7139599	0	107406567.882578	113249101.008829
103	1	4	52	0	1	NA	0	27969851.3145033	39001217.6090275	5693608.410077	100634528.648111	335780555.984291	1019654096.13966	1550583080.37935	70316063.864451	411007357.102434	326813122.73842	782871.156385588	55156831.4726209	0	98855276.0199619	107751539.160707
104	1	4	56	0	1	NA	0	79964844.998402	82813465.4309151	25434111.0045808	313755193.352509	554463619.899861	2522249920.10227	3921939916.90636	162371364.653244	1331730052.19985	445402151.912219	6104186.64109939	125949717.694684	203472.888036646	286489826.355598	327794822.627037
105	1	5	0.75	0	1	NA	77268613.1386861	0	260423844.282238	65105961.0705596	35057055.9610706	253984793.187348	2031162895.37713	538018491.484185	43642457.4209246	975873965.93674	3482095742.09246	23609854.0145985	3216663746.95864	70114111.9221411	52943309.0024331	1415875790.75426
106	1	5	1	0	1	NA	2685542.8646997	0	417911785.791346	7643468.15337607	619740.661084546	425555253.944722	830039325.412569	31400193.4949503	15906676.9678367	490834603.578961	1101692315.18796	124981033.318717	5358071175.51662	1859221.98325364	206580.220361515	1082893515.13506
107	1	5	2	0	1	NA	28222595.9593809	0	437763821.769953	91253060.268665	22891661.1670534	773612713.686586	4497427458.32712	594242437.144743	18815063.9729206	1224233495.83803	2779298533.19992	40452387.5417793	3153091137.46195	940753.198646031	313584.399548677	1066186958.4655
108	1	5	3	0	1	NA	14976997.3891658	0	108449507.880477	7221052.31263351	74884986.945829	313447159.644684	2396854475.03043	2473879033.03185	74350094.1819302	536363718.9995	1543566793.4209	1203508.71877225	1004127441.02898	0	65658086.768575	210881472.167093
109	1	5	4	0	1	NA	7999104.24364573	0	112303213.525921	9788377.56130332	75465233.4564998	430057104.467585	1697178367.48404	1560035830.25417	122196842.458851	250603515.843691	928001343.634531	947262.344642257	299545403.650207	210502.743253835	37364236.9275557	107882655.91759
110	1	5	6	0	1	NA	5950374.90607364	0	120282578.458489	22526419.2872788	83645270.1082352	573021103.454891	2040043533.86945	1464642280.45213	98521207.3734192	287488113.319158	248895681.78548	510032.134806312	122747733.776719	0	95205998.4971782	153519672.5767
111	1	5	8	0	1	NA	1965536.30107449	98276.8150537242	114590766.352642	20441577.5311746	56509168.6558914	424064456.95682	2276778974.34963	1301381584.94142	128054690.015003	615900799.94169	87761195.8429758	98276.8150537242	136211665.664462	0	95426787.4171662	133951298.918226
112	1	5	10	0	1	NA	3833147.97801525	0	115226751.339125	24160447.8614294	130675499.25052	435817309.5004	2863826163.57473	2050153388.24149	203040686.835474	709480843.930822	174001687.002025	116155.999333795	142755723.181235	0	105469647.395086	248109214.576987
113	1	5	14	0	1	NA	2707211.18589378	0	33711225.0052963	7799346.5117416	91851808.0928247	291089659.892769	1458606712.51406	935277007.317113	155729100.59808	527841723.840099	82827770.8065121	64457.4091879471	57753838.6324006	0	79798272.5746786	230241865.619347
114	1	5	17	0	1	NA	11520581.9394192	0	103205213.207297	19200969.899032	238332038.871735	815801208.585122	3912437629.05151	3722108014.92735	480744283.847014	1436952584.81881	535467048.059255	720036.3712137	330736706.510826	0	339617155.089128	723156528.822293
115	1	5	21	0	1	NA	12666651.2982472	0	151049816.731598	21533307.2070203	259666351.614068	1049115393.77733	3953578536.46542	4378228021.23916	500016059.998309	1373698333.29491	803065692.308874	316666.282456181	227049724.521082	0	383799534.336891	622882577.591308
116	1	5	24	0	1	NA	9401409.39561295	0	147561251.818099	27386714.3263508	283064174.193999	990622420.446434	3463397469.95776	4134780727.8836	464756629.687475	1253248748.12823	977746577.143747	408756.930244041	233604585.63447	0	307180833.078397	400173034.708916
117	1	5	28	0	1	NA	8627169.5743822	0	126531820.424272	16638112.7505943	226976723.326008	802326770.417545	2472300309.45867	2769732250.97547	313659236.66861	1017800600.97771	711741489.886532	205408.799390052	218349553.751626	0	242793200.879042	232317352.110149
118	1	5	28.75	0	1	NA	4121459.66834613	0	53780022.5015898	7237685.27124199	73985227.2171403	286491708.653329	1072685271.24199	1292429437.94942	140029105.317223	459090397.691141	330319913.906961	100523.406545028	118014479.283862	0	147668884.214646	124045883.676564
119	1	5	29	0	1	NA	7782127.54418967	3891063.77209484	85992509.3632959	17509786.9744268	142412934.058671	448445099.73393	2286389072.48293	2434833155.38834	161090040.164726	902337688.748792	557589438.54119	194553.188604742	168093954.954497	194553.188604742	242024166.624299	193969529.038928
120	1	5	30	0	1	NA	5218469.8839017	9953748.11188657	89873648.0005292	14785664.6710548	38848609.1357126	453620326.574714	1042920870.13087	1955669908.15775	93449266.2543137	945122878.973307	298322528.363047	6764683.18283553	90840031.3123629	0	49092272.2411493	748753790.00871
121	1	5	31	0	1	NA	0	49979727.9185096	5010499.03944958	2881036.94768351	25428282.6252066	666772159.674753	967652626.993701	2229171022.65112	7766273.51114685	2665209701.55922	76284847.8756199	1127362.28387616	97454206.3172944	0	34071393.4682572	647356475.896886
122	1	5	32	0	1	NA	0	304606849.97588	17607332.368548	11684866.0264	18247599.0001316	2027724422.22515	1438358987.85248	915421216.5066	480199.973687673	3728752795.68478	2881199.84212604	9123799.50006578	85155462.000614	0	7683199.57900276	1165605402.79788
123	1	5	34	0	1	NA	0	175624066.740245	79079887.0349932	10400084.399143	403444783.483737	1789206972.66766	2183625267.80497	2993262026.87788	29630429.1371811	2325498117.24989	1061593520.74271	4120788.15815101	83396903.2006752	0	210748880.088295	740368272.414465
124	1	5	36	0	1	NA	0	364647516.226464	90101857.2071204	14416297.1531393	350867232.183022	1444597776.49251	1516679262.25821	3467331469.69989	134410770.516034	482097937.150569	2380597069.59707	636013.10969732	217516483.516483	0	207976286.871024	324790694.685431
125	1	5	38	0	1	NA	0	230634067.394948	100374544.823999	12831050.2283105	241678515.692735	1411577943.47148	2030716721.57679	3102677879.89134	101186636.610601	1541512629.32778	1051983700.36414	3898040.57568927	151211490.665279	0	173137968.903532	149912143.806716
126	1	5	42	0	1	NA	0	183822472.132445	188717652.749379	15529538.5088934	276155706.527714	1060734999.89007	2313901237.82512	3365521073.8078	132507475.320449	1206240023.74514	1058203009.91579	1350394.65294725	143817030.538883	0	214712749.818614	75453301.2334279
127	1	5	45	0	1	NA	0	92781671.7229836	117817995.838709	9257128.24447002	133281607.79254	505355046.43675	1525637851.47214	2033201985.33087	139382896.862759	750984528.83263	421094140.484244	1051946.39141705	119606304.704118	0	120553056.456394	63327172.7633062
128	1	5	49	0	1	NA	0	62084409.9913867	49987080.1033592	9282227.96439851	76996841.8030434	308367786.391042	1206841803.04335	1967604076.94516	116712604.076945	570933103.646282	268271604.938272	532586.850416308	99898076.3709446	0	89018087.8552972	120136376.686764
129	1	5	52	0	1	NA	0	90859120.9884099	75969730.5843502	11505438.0395007	186455775.287202	345332338.803249	2716467760.64976	3250963036.63186	218434125.132285	1106721620.82903	358698950.643257	1522778.56405156	116915554.195514	0	150755077.841105	216065358.477094
130	1	5	56	0	1	NA	0	69328694.4187696	70155676.8571644	9923789.26073839	175871598.565308	320042203.658813	2352627206.82699	2877485394.39494	197648802.776373	977079750.963534	343611203.153067	1378304.06399144	126114821.855217	0	168428756.619754	213637129.918674
