Sample	Subject	Time	Group	Strain4	Strain6	Strain7	Strain9	Strain13	Strain14	Strain15	Strain16	Strain21	Strain26	Strain27	Strain28	Strain29
1	1	1	High_fiber1	0.71906459458727	0.0363906169523485	0.030792060498141	0.121593647989818	0.000134715264679367	0.000264181882682914	0.0575601585448204	7.12066399019511e-05	0.000116519956203193	0.00181953084761742	1.0672248240833e-06	0.0321916996116929	0
2	1	2	High_fiber1	0.183920933928919	0.0495966563403826	0.148789969021148	0.241094857210193	0.000847276212481536	0.000518927978376225	0.229614149723993	0.00870237627453935	0.00218592670537242	0.00245687140204673	0.0245687140204673	0.107689036220553	1.43049615278048e-05
3	1	3	High_fiber1	0.135236266420258	0.138364507458449	0.0757996866946283	0.0613616511337467	0.000531800976492472	0.00570302404654823	0.245446604534987	0.0135236266420258	0.00167962480358256	0.00567896065394676	0.240633926014693	0.0365763567542333	0.0394639638664097
4	1	4	High_fiber1	0.141833816432599	0.0174341430567219	0.0632737489406001	0.0171438965019485	0.000963618561847671	0.000847519939938313	0.232197243818716	0.0184983804242244	0.000659827167851518	0.00115131133393447	0.297986462900685	0.0553403431101273	0.152669687810806
5	1	5	High_fiber1	0.131478559303252	0.00273232529990773	0.0518441210751723	0.00663231098439142	0.000730955400744547	8.50056759971294e-05	0.213915382454315	0.0165340710455955	0.000185190936993746	0.000439040304600559	0.387663247679217	0.0854727401509598	0.102287049688854
6	1	6	High_fiber1	0.203924611826746	0.00264550847775238	0.0456350212412285	0.00365962006089079	0.000820107628103237	0.000231481991803333	0.183421921124165	0.018386283920379	0.000238095762997714	0.000471782345199174	0.370371186885333	0.0798061724121967	0.0903882063232062
7	1	7	High_fiber1	0.22374819813398	0.0019622518969095	0.0520759080612714	0.0195829175180979	0.000320771753077033	0.000310871390327742	0.164148014383247	0.0157811782223701	0.000229688415783554	0.000289090592279301	0.261369576581286	0.139595114765005	0.120586418286366
8	1	8	High_fiber1	0.223016378105231	0.00130546172549404	0.0425362945556807	0.0133809826863139	0.000697334138368064	0.000249125612615112	0.156655407059284	0.0141425020261854	0.000267619653726277	0.000325277546602264	0.36117774405335	0.106721496059137	0.0795243767780117
9	1	9	High_fiber1	0.28414283878604	0.00237087336821473	0.0441597787667477	0.0134651128698608	0.000959208309277716	0.00063343944952302	0.135918007597654	0.0171209634071079	0.000307670589768324	0.000323959032756059	0.262424914802394	0.113295170114689	0.124878062905967
10	1	10	High_fiber1	0.292752532987976	0.00148121149140936	0.041489431827435	0.00506015967614978	0.0008937676669368	0.000418771835267568	0.13183557776942	0.019581460815752	0.000614586443425088	0.000438159420233659	0.298568808477803	0.117294889044851	0.089570642543341
11	1	11	High_fiber1	0.317260125885685	0.00268300229915671	0.0383845584404902	0.0100465706530467	0.00167638683801325	0.000544434043186545	0.135129312877236	0.0173709710901606	0.000329010500918488	0.000881278127460235	0.285925792464876	0.101640744033747	0.0881278127460235
12	1	12	High_fiber1	0.355968233595379	0.00208901545537195	0.0396077330338521	0.00867359217070432	0.000793825873041339	0.000848975881063159	0.132527140488796	0.0197203058987112	0.000235640943365955	0.000340927322316701	0.295804588480667	0.101776832985721	0.0416131878710091
13	1	13	High_fiber1	0.402043273257645	0.00160370594554994	0.0379707535854442	0.00996173888182831	0.000638802089731591	0.00053829127141718	0.128877204816478	0.0186950122064805	0.000484685501649494	0.000493619796610775	0.27026242257875	0.0913531659790982	0.0370773240893161
14	1	14	High_fiber1	0.393041272044194	0.00102732856623965	0.0425568825592679	0.00777950655701267	0.000772529396776519	0.000382198754194699	0.150168872215506	0.0181883236925279	0.000590917222797478	0.000311722388172982	0.259407239549168	0.0973115976992177	0.0284616093549244
15	1	15	High_fiber1	0.412233623559808	0.00166206295358827	0.0367596861773077	0.0101876844548539	0.00063804312436327	0.000427987774778654	0.111591904466827	0.0202440843162173	0.000420110699169231	0.000427987774778654	0.255742388119269	0.0811338787770577	0.0685305578019808
16	1	16	High_fiber1	0.372155893659034	0.00168149268740834	0.0396604091052693	0.0113005001286247	0.00127673919722442	0.000505262746135623	0.161901396073565	0.0140169665056979	0.000180101720799956	0.000445500485840012	0.237419161356201	0.0611204934841479	0.0983360828500513
17	1	17	High_fiber1	0.409910391104199	0.001813542942461	0.0340349839886517	0.00392520253299779	0.00157008101319911	0.000541578577337669	0.165951600762185	0.0170423350483322	0.000250914845463783	0.000760197452593242	0.228556096858099	0.0529157050334512	0.0827273698410293
18	1	18	High_fiber1	0.660434803857468	0.00233265572722458	0.0245945920956521	0.00433245231330499	0.00160881918219679	0.000480796537208236	0.13710626528081	0.013710626528081	0.000252286095073553	0.00060495828033344	0	0.0634017411703169	0.0911400029323305
19	1	19	High_fiber1	0.349336039018833	0.0033376054683328	0.0311509843711061	0.00676421374915447	0.00192246074975969	0.000712022499910997	0.173332977322083	0.0159315034355086	0.000235857453095518	0.00096568051550429	0.255883085905515	0.053624194524547	0.10680337498665
20	1	20	High_fiber1	0.437622277818486	0.00256282546447451	0.0371978936145713	0.00694725366036846	0.00204314900956506	0.000784984960836909	0.129098571956453	0.019282731616377	0.000216349513596514	0.00129098571956453	0.235769002174709	0.0593525214291321	0.0678314530618653
21	1	21	High_fiber1	0.433276556528836	0.00245294135177701	0.0295728443345078	0.00614381572220783	0.00147634974817233	0.000660230943282035	0.16253602041214	0.0149927443370296	0.000272803757814452	0.000618966509326908	0.231539323859325	0.0557069858394217	0.0607504166561595
22	1	23	High_fiber1	0.401978695129158	0.00163491334959247	0.0314983305884788	0.00767959298157198	0.00123593449547174	0.000533971699499926	0.156591700639866	0.0181490381009806	0.000503973289415661	0.00101394626084818	0.232787662253901	0.0686963590929681	0.0776958821182477
23	1	25	High_fiber1	0.452876431333721	0.00185146541045257	0.00779213859794785	0.0046397634386641	0.00205126383604097	0.000574975469193303	0.131644962637694	0.0178486593525643	0.000652674856922127	0.000672654699480968	0.220666261149862	0.0637134979376363	0.0950152512798199
24	1	27	High_fiber1	0.428565503702714	0.00226955387713534	0.0158292742496648	0.00728100533172353	0.00133869117016815	0.000813352810790634	0.182025133293088	0.016866126274752	0.000463127237872288	0.00100459440652894	0.208061639700834	0.0705059377059303	0.0649760602387985
25	1	29	High_fiber1	0.398587359505283	0.00215119942556528	0.0236807784176668	0.0106680734455826	0.000759074456704914	0.000606673407482305	0.153573364985859	0.0197242127166952	0.000483580252340968	0.000849928928356853	0.213654547852464	0.0729766562623643	0.102284550343635
26	1	31	NA	0.388150463043597	0.00365757167098774	0.0328435007190736	0.00714097326240464	0.00125402457291008	0.00107239006135763	0.179146367558583	0.0180639253954905	0.000398103039019074	0.000773812782093325	0.248565584987534	0.056978497459605	0.0619547854473434
27	1	33	NA	0.461753447961602	0.00231605808372319	0.0391275290114831	0.0098426392854973	0.00117868643295461	0.000362111914454098	0.127589768515706	0.0188103773011726	0.000670757640196853	0.000782550580229662	0.196123701318428	0.0741235798043623	0.0673187921501914
28	1	35	Low_fiber	0.415521925896693	0.00158429592750565	0.0404137763543359	0.00880375221991166	0.00112703207298007	0.000282706698441129	0.162603785613455	0.0138127836553786	0.000366190555698912	0.000487621620801141	0.161655105417343	0.0595771163157815	0.133763907651675
29	1	36	Low_fiber	0.322572751278612	0.00342594508254525	0.0329246670270583	0.00411558337838229	0.00240261083710966	0.000320348111614621	0.0665167259533137	0.0159729127874513	0.000542812078013664	0.00127471852746651	0.278079957998803	0.0449377212126066	0.226913245727023
30	1	37	Low_fiber	0.266360188030562	0.00643703787740526	0.0480928117277404	0.00646170085777846	0.00658501575964446	0.000752220901382607	0.0355146917374083	0.0191877987303498	0.000643703787740526	0.00276225380179842	0.328017638963563	0.0493259607464004	0.229858977078226
31	1	38	Low_fiber	0.15722706151167	0.00526368858104286	0.0352051898602217	0.00299073214831981	0.00509278960113887	0.000666506021625557	0.0218750694277106	0.0147485819657142	0.00030932715362622	0.00227295643272305	0.336670990410858	0.0365723816994536	0.381104725185895
32	1	39	Low_fiber	0.152014569317139	0.00881555493918342	0.0417126258097947	0.00363372874322439	0.00453678559065293	0.000636440063902023	0.018598670786326	0.0156099826484077	0.000453678559065293	0.00273067189579584	0.382724092481622	0.0417126258097947	0.326820573355093
33	1	40	Low_fiber	0.130795589684031	0.00580695313065273	0.0345077725974891	0.00359919778704994	0.00387748627573937	0.000949891374726582	0.0192946685491337	0.00912786242901324	0.00027272271891564	0.00217065021177754	0.437840555538034	0.0289420028237005	0.322814646879737
34	1	41	Low_fiber	0.175608404085548	0.0100254859545757	0.0387594381397202	0.00493695636640011	0.00634442199717208	0.00200076652743584	0.0213934775877338	0.0109782319200213	0.000344287746604219	0.0031397310224913	0.3919250448765	0.0357279737042114	0.298815780071586
35	1	42	Low_fiber	0.160641109575423	0.0100425951520736	0.0491016221721103	0.00466768507068209	0.00751679154239713	0.00109114715938023	0.0117601416066536	0.0130533530548079	0.000488995578833362	0.00248539075192163	0.351591862466963	0.0339468005140516	0.353612505354704
36	1	43	Low_fiber	0.16064849184156	0.0112299639441005	0.0356615648911894	0.00598359910914668	0.0118128933702065	0.00109384992310475	0.0134588117497998	0.0102184099399754	0.000588072921042209	0.00281177723180532	0.320611184358289	0.0264032740059767	0.399478106713804
37	1	44	Low_fiber	0.156011648869782	0.00824061529927568	0.0413364197860107	0.00442699721579211	0.0169345977833012	0.00097073914852309	0.0338691955666023	0.0156811708607576	0.000928069295840756	0.00234684189752835	0.456034050542441	0.0349359418836606	0.228283711850485
38	1	45	Low_fiber	0.158874886555715	0.00522531251388304	0.035752138252884	0.00319442182022809	0.0173895015644205	0.000903323256448607	0.0342712804554272	0.00835626899993442	0.000334250759997377	0.00178549140150497	0.450603872654691	0.0146393370834294	0.268669914681436
39	1	46	Low_fiber	0.127503586038357	0.0100409074005206	0.036922913456941	0.00536577591244754	0.0125644158741965	0.00173192371035435	0.0393136056951602	0.0143441534293152	0.000313446315677628	0.00390479732242469	0.470169473516443	0.0249428890187537	0.252882112309409
40	1	47	Low_fiber	0.141378365685661	0.00728905760801503	0.0443539970778543	0.00352222917971196	0.0130779064913379	0.00141215299519933	0.046636923398038	0.0156706585264037	0.000378313504487581	0.00324501669797537	0.419080045919432	0.0202202045501983	0.283735128365686
41	1	48	Low_fiber	0.164819462874638	0	0.0476292802661923	0.00595919832167708	0.0161053426760566	0.00144660093087551	0.0491800010190451	0.0173459192783389	0.000664594608365474	0.00312359465931773	0.374388296045884	0.0136241894714922	0.305713519848118
42	1	49	Low_fiber	0.112412438456176	0.00933460177992981	0.0484604858362314	0.00514396140638685	0.0160674315743898	0.00166632572199173	0.0665338637505636	0.0129095556530944	0.000603769987467801	0.00313801506644449	0.508437884183411	0.0204566804964419	0.194834986087471
43	1	50	High_fiber2	0.339511739679374	0.0063446256352583	0.0770267259397579	0.00277975236862487	0.00394682397377272	0.00218560682418597	0.113099848280691	0.018439731361336	0.000575048009081939	0.0013028763010196	0.297072772219452	0.0314048359203421	0.106309613487104
44	1	51	High_fiber2	0.398157219987076	0.00439849075483104	0.063580079631444	0.00589939755268808	0.00122782514435805	0.00194909424443935	0.167184340539076	0.0143003064351379	0.000391903441662671	0.00103812720185112	0.229305205228159	0.0337704029517834	0.0787976068874945
45	1	52	High_fiber2	0.432180559333784	0.00320296252095088	0.064498012408189	0.00432180559333784	0.000938950656826698	0.000879717788288565	0.161025650025887	0.014259764648069	0.000539677246680765	0.000708600612511737	0.239125284098388	0.0322490062040945	0.0460700088629922
46	1	53	High_fiber2	0.464462790724678	0.00693791293644988	0.0600898735500052	0.00435433866304386	0.00109439045064502	0.00142822308147839	0.129178713670301	0.0165464869195667	0.000438336758746415	0.00108568177331893	0.208427677337699	0.0339638415717421	0.0719917325623251
47	1	54	High_fiber2	0.41430301485117	0.00286825164127733	0.0599145898400153	0.00316569995963201	0.00105381689931374	0.00101557354409671	0.140650561964859	0.0168908152208554	0.000786113412794527	0.000713875964051246	0.227335500456796	0.0397305968088045	0.0915715894363354
48	1	55	High_fiber2	0.472191168814397	0.00615462848240987	0.00916131583939043	0.00349098599166199	0.00113810179150137	0.000696179287354559	0.149325412360108	0.0154168398706923	0.000482280723703593	0.000714340486155113	0.203809008761769	0.0522638943260379	0.0851558432648185
49	1	56	High_fiber2	0.50944983965976	0.00379813050103482	0.0171257021992768	0.00266096568036571	0.00134640314767222	0.000932475152948668	0.153972116718597	0.0127135026950806	0.000682298892401465	0.000745980122358935	0.170574723100366	0.050944983965976	0.0750528781641611
50	1	57	High_fiber2	0.347357815227217	0.00269687744741628	0.028479025844716	0.0028479025844716	0.00214671444814336	0.000459547917039735	0.152751138621658	0.014110062804882	0.000532902983609458	0.000720605653949631	0.263215238867829	0.0696873132412368	0.11499485435783
51	1	58	High_fiber2	0.349282351988712	0.00275262250905011	0.0259070353792952	0.00191989637185848	0.00130691740975909	0.000922938135387391	0.152435145669246	0.00983079467517898	0.000326151070400055	0.000555150758127754	0.208644159929681	0.0714756601089483	0.174641175994356
52	1	59	High_fiber2	0.436722501606988	0.00461299958407381	0.0276023745604416	0.00512345445608197	0.000875335576814005	0.000487767988807804	0.116837448481869	0.0143305478882293	0.000623889288009982	0.000678715922410859	0.223087684803569	0.0637123303210194	0.105304949521685
53	1	60	High_fiber2	0.411847907479824	0.00341126549629753	0.0193027706131958	0.0018033946251768	0.00205507945752558	0.000534570263749064	0.126674432149097	0.01114901406107	0.000224644313170813	0.000540810383559364	0.187619602296364	0.0559530742990265	0.178883434561944
54	1	62	High_fiber2	0.398458940257547	0.0021321511505172	0.021954823728098	0.00171785940468651	0.00151467173316445	0.000438040954190416	0.171258180282879	0.0113204559848005	0.000327211315178383	0.000335127717964957	0.195799028921258	0.0836499894447963	0.111093519104919
55	1	63	High_fiber2	0.399742242706888	0.00602889939820225	0.023809783855219	0.00327657575989253	0.00173440076890311	0.000626918162059437	0.166231610218548	0.0123636125339945	0.000565755414541443	0.000731768586375998	0.204239889033301	0.0773271879334637	0.103321355628611
56	1	65	High_fiber2	0.33003300330033	0.00468994267847837	0.0162286905382268	0.00560807960495298	0.00155835132385419	0.000791582917690265	0.191816174098613	0.0115387478597484	0.000674954713516465	0.000821360331521874	0.220849152584431	0.106950544678528	0.108439415370108
57	2	1	High_fiber1	0.378897138387562	0.171634748508396	0.0350621232537744	0.277386636386715	0.000253917634531366	0.00266924551222283	0.0503311124126762	0.00213483089166127	0.00149579541945538	0.00774759820285016	5.34414620561562e-07	0.0723863189755343	0
58	2	2	High_fiber1	0.218405586081559	0.0184130256878979	0.113453996662805	0.12009650232222	0.000914008778735479	0.000637680543303823	0.281642239959188	0.023939590396531	0.00361352307872166	0.0030024125580555	0.0166062641485371	0.088743875609782	0.110531294172663
59	2	3	High_fiber1	0.176360851854054	0.0210047756140783	0.0781309712868681	0.0219955669166292	0.000656753091976572	0.000622783104460542	0.345361539746301	0.0267513651688733	0.00100494546401588	0.00205518424471979	0.0240054578446609	0.0563335626307491	0.245716243032614
60	2	4	High_fiber1	0.18770967243927	0.0123751154806568	0.0627332586742208	0.0284260078367563	0.000659189319662711	0.000492554101309312	0.2178510428179	0.0272007488782754	0.000426390117551344	0.000693496570500175	0.088218645010623	0.0816022466348263	0.291611632118448
61	2	5	High_fiber1	0.200853957512168	0.00444154176197931	0.0525108385652726	0.0123181675467702	0.000923315578106043	0.000136528180269709	0.19407130753082	0.0220983112295522	0.000186194681746029	0.000479161401908113	0.225359015509295	0.0717648127058726	0.21485684779624
62	2	6	High_fiber1	0.182882531043837	0.00443033456374852	0.0512323049078028	0.00850372274084433	0.000682397503894915	0.000438834087120115	0.169024612503202	0.0183302467969311	0.000394740709945366	0.000524921156842242	0.293955847831656	0.0980552720981309	0.171544234056045
63	2	7	High_fiber1	0.194677832521905	0.00136112251238232	0.0451003645342414	0.00966899901525463	0.000811157635507939	0.000395844926127874	0.136112251238232	0.0167098472914635	0.000386111034501779	0.000360153990165525	0.292016748782858	0.104477103453423	0.197922463063937
64	2	8	High_fiber1	0.233624390386356	0.00144068374071586	0.046335504093294	0.0155944280582893	0.00113113142345394	0.000492558089731235	0.159448646438688	0.0155360219606927	0.000414683292935783	0.000521761138529529	0.295924227822718	0.109024715513633	0.120511248040962
65	2	9	High_fiber1	0.301940374936501	0.00128528673114862	0.0428428910382873	0.0107719268896265	0.00100170759522853	0.000212174317522946	0.146277870830724	0.0151378215001948	0.000342743128306298	0.000550837170492265	0.30806078794197	0.102414910958191	0.0691606669618066
66	2	10	High_fiber1	0.232602140981199	0.00256903857203115	0.0447845913232458	0.0196149566648325	0.000664825522356711	0.000833201699037131	0.1451159625823	0.0187470382283355	0.000430487544502518	0.000347167374598805	0.289884757790002	0.139040533526821	0.105365298190737
67	2	11	High_fiber1	0.278137930739376	0.00216091776959054	0.049422970769843	0.00909297081263345	0.00137357347334369	0.000526322545860666	0.133720159009315	0.0199831405623521	0.00035943978741704	0.000937110874337283	0.24604509257714	0.121738832762081	0.136501538316709
68	2	12	High_fiber1	0.314762354422411	0.00162277480502221	0.0440667296191376	0.00785740099558167	0.0010701920050362	0.000538593362011681	0.142225952739015	0.018815794075473	0.000431341004208489	0.000429009431212768	0.263467748516537	0.11681180708565	0.087900301938703
69	2	13	High_fiber1	0.366137959639011	0.00111843704858479	0.0437649279881005	0.00469114260787483	0.00138445915988501	0.000554927845077876	0.154464451722708	0.0197657289148872	0.000360417054019651	0.000858135842903932	0.27288719804345	0.106980935082023	0.0270312790514738
70	2	14	High_fiber1	0.356019987825195	0.00318260292146765	0.0396476804623513	0.00566395435176447	0.00165333524649125	0.00104108875227671	0.167221509433046	0.0171267191112878	0.000174503736456743	0.00100332905659828	0.27510635422856	0.0838804668285119	0.0482784680459924
71	2	15	High_fiber1	0.401005837847418	0.00214017480309727	0.0363342306115893	0.0129606859193779	0.000609263013304089	0.000704529593566183	0.12229570303413	0.0184994405857787	0.000378850819181815	0.000520642938641676	0.210251127136575	0.0881769742891008	0.106122539408239
72	2	16	High_fiber1	0.386143570842698	0.00205854469145797	0.0412774161935298	0.0100131022508176	0.00116109377163736	0.000825548323870597	0.155256346069857	0.0159783546555599	0.000450056989464938	0.000692395368407597	0.226093718376173	0.0998647165972496	0.0601851358692758
73	2	17	High_fiber1	0.4146371924566	0.0013363307106282	0.0352191832146871	0.0123142250530786	0.000704383664293743	0.000484575996003497	0.159360559510428	0.017284875733733	0.000314724615961034	0.000407143749219433	0.218308979642813	0.0814287498438866	0.0581990758086674
74	2	18	High_fiber1	0.387576034881843	0.00194326317489369	0.0325671529310438	0.0108736609786295	0.00117349410561447	0.00066480055983205	0.156107014049631	0.0149378263444044	0.000366044032943963	0.00110082359907412	0.228777520589977	0.0683641061527695	0.0955482585993433
75	2	19	High_fiber1	0.397514963598987	0.0025081301274698	0.0288671580708788	0.00695651186298227	0.00168234011380286	0.000873113223619203	0.143862558254871	0.0144572406404155	0.000212007980586126	0.000818691532174104	0.220762774427295	0.059627244539848	0.12185726562707
76	2	20	High_fiber1	0.462083853779341	0.00200717673985401	0.0353782950549808	0.00534284455932362	0.00146326553696791	0.000652212106115632	0.127554397137005	0.0181704848751772	0.000413950119010659	0.000851967105405659	0.215879800437536	0.0666652226546236	0.0635365298946593
77	2	21	High_fiber1	0.452697687565061	0.00181768462367494	0.0324012050490729	0.00845648472202754	0.001316729822207	0.000498656843663037	0.149826848879401	0.0165912553513692	0.000480273181223846	0.000641130227566762	0.211182322270199	0.0572191493419798	0.0668705721225547
78	2	23	High_fiber1	0.470668009533022	0.0017929260193652	0.0245305784629499	0.00498588993149387	0.00142596452040725	0.000721956862080313	0.118265309175035	0.0139206046887309	0.000333057447423791	0.000981223138517994	0.20342430920495	0.0604289859697057	0.0985211850463189
79	2	25	High_fiber1	0.505211159553169	0.00211206331979866	0.00629175008887974	0.00404636715753232	0.00106187901128305	0.00072273263102745	0.105018430851561	0.0193898171884063	0.000474804932357839	0.000619819246674027	0.218457047695676	0.0741444155455345	0.0624497127781
80	2	27	High_fiber1	0.458760865564396	0.00217377968276153	0.0136027931068513	0.00672138012338533	0.00204575339469704	0.000776159371390926	0.177903196122937	0.0155231874278185	0.000328067363165237	0.000765490514052219	0.2211120683447	0.0552113367278081	0.0450759222560366
81	2	29	High_fiber1	0.396900662437743	0.00306983344221759	0.0252541217958174	0.0148223079246661	0.00129607384459758	0.000762189767690179	0.173161085470626	0.014787183972238	0.000488222938750852	0.0013592969589682	0.210743714568713	0.0786776534389862	0.0786776534389862
82	2	31	NA	0.424142297384426	0.00286001507472415	0.0356397347107747	0.0072163099207767	0.00112220982849629	0.000780539644492174	0.19763852885066	0.0152573409753564	0.000284823334424125	0.000780539644492174	0.20117304799553	0.0603813687248663	0.0527232439109808
83	2	33	NA	0.478897471598719	0.00288225330128859	0.0383561400863789	0.00560930834789241	0.00123936891955409	0.00063409572628349	0.12526716270985	0.0178477992887486	0.000503285768763469	0.000851373282842168	0.221046657029594	0.066956961306858	0.0399081226332266
84	2	35	Low_fiber	0.439081441624122	0.000530889379418257	0.0445068915828088	0.00181021303433218	0.00140306478846254	0.000349269328564643	0.160065143719339	0.0140306478846254	0.000327315256483437	0.000401160771665675	0.164256375662115	0.0734463502353077	0.0997912367327551
85	2	36	Low_fiber	0.310184028645183	0.00270630360562911	0.0349737696727454	0.00418436172870347	0.00156549254725622	0.000270630360562911	0.0766092097593472	0.0169872595553335	0.000587059705221084	0.00109501207427763	0.303938712632193	0.0516279457073861	0.195270214006162
86	2	37	Low_fiber	0.205658679047059	0.0057406081143217	0.036505808882337	0.00401285227408896	0.0037620490069584	0.000509966643165472	0.0470952801611829	0.0203707986969377	0.000509966643165472	0.00256655343363606	0.387351712568309	0.0607501247049578	0.22516559982388
87	2	38	Low_fiber	0.143396747025981	0.00673086771754604	0.0330272391109402	0.00380440349252602	0.00595744502950503	0.000900932914988305	0.0211123490519301	0.0160119399740381	0.000443150296931602	0.00271743106609001	0.384621012431202	0.0468234276003202	0.334453054288002
88	2	39	Low_fiber	0.141220481646014	0.0099368716389993	0.0455927051671733	0.00399812953004442	0.00703764320785597	0.00101472995090016	0.0174187514613047	0.0220949263502455	0.000434884264671499	0.00306289455225625	0.413841477671265	0.060790273556231	0.273556231003039
89	2	40	Low_fiber	0.11766849369145	0.00808496424396095	0.0451695185460729	0.00726887630384283	0.00525712463750512	0.000829373092631675	0.0248622139896452	0.01698601642804	0.000563670042360658	0.00277090323854061	0.446001548669207	0.0512427311236962	0.273294565993046
90	2	41	Low_fiber	0.125190186302542	0.0089132716761837	0.0480204617715001	0.00574560612774791	0.00626793395754317	0.000918286023349739	0.0202191417985264	0.0200506489502053	0.000559396256425896	0.00235889987649474	0.491999117097475	0.0591409897606896	0.210616060401316
91	2	42	Low_fiber	0.153593845454143	0.00836383048018794	0.0479860320176681	0.00499131818978957	0.00618615111553071	0.00151088550609847	0.0134515061639889	0.0148583255765551	0.000418191524009397	0.00225476535986633	0.422045823769852	0.0564654914906697	0.267873833351641
92	2	43	Low_fiber	0.109157452141342	0.0145676307245301	0.039512203882972	0.00911973594672637	0.0114745036528833	0.00125321535548012	0.0153259457485467	0.0104168537509654	0.000544789477780372	0.00277383653521874	0.393126472977045	0.033525506324946	0.359201853481564
93	2	44	Low_fiber	0.153556863173145	0.0120811296228306	0.036714726574516	0.0062762336644274	0.00937713962511287	0.00126765035672822	0.027536044930887	0.0134703354932177	0.000488702779404031	0.00295206247457257	0.466376256487095	0.0310090596068547	0.238893795211209
94	2	45	Low_fiber	0.162226775956284	0.0145983273357324	0.0320705051312808	0.0080384512861522	0.0173888777822204	0.00168266026922564	0.0320705051312808	0.00947537651606024	0.000445655071304811	0.00287385045981607	0.501882580301213	0.0169099027055844	0.200336532053845
95	2	46	Low_fiber	0.111094670609153	0.0135108584125105	0.037840106146349	0.00878084514421689	0.0127831640635423	0.0022873859035902	0.043661660938095	0.00965407836297879	0.00040750883542222	0.00351718935334654	0.519088635597352	0.0222189341218306	0.215154962511613
96	2	47	Low_fiber	0.0859820050045254	0.0113134217111218	0.0548368205292019	0.00548368205292019	0.021455571527445	0.00141351221849545	0.0548368205292019	0.0206569770537188	0.000609593781611031	0.00338071660544109	0.47383272107757	0.0202310600010648	0.245967097907682
97	2	48	Low_fiber	0.12741310364779	0	0.048215908787811	0.00576539164654251	0.0184041149713474	0.00184041149713474	0.0461641679883297	0.0166191004757987	0.000664764019031948	0.00305709379122717	0.480107347078629	0.0219536265544501	0.229794969541908
98	2	49	Low_fiber	0.121448455738988	0.0090537628901806	0.0362150515607224	0.00523106300321546	0.0166442913738674	0.00109742580487038	0.0477380225118613	0.0157297698698087	0.000720642945198213	0.00184733343819847	0.579806633573182	0.0152176378275359	0.149249909462371
99	2	50	High_fiber2	0.324938699507752	0.00769712947770137	0.0926420973064656	0.0281152633616637	0.00453992367397356	0.000672922696852934	0.115917848122269	0.0214321269888092	0.000689054405339135	0.000984034217658229	0.315720580372781	0.0304197931454066	0.0562305267233274
100	2	51	High_fiber2	0.377621497385787	0.00389276481873003	0.0717947044412484	0.00384614488078116	0.00110955452318293	0.00126106932151673	0.164335281269741	0.0161771184682553	0.000393938475667889	0.00106060358833662	0.270395640103403	0.0317015578052266	0.0564101249181237
101	2	52	High_fiber2	0.412737577839375	0.00338309490032275	0.0629255651460031	0.00358608059434211	0.000852539914881332	0.000933734192489078	0.152013730854502	0.01456986203739	0.000723982308669068	0.000717216118868422	0.234561246422377	0.0349586473033351	0.0780367223674447
102	2	53	High_fiber2	0.490058945749745	0.0040664465711149	0.0753335294264235	0.00495272338789636	0.00151709737460825	0.00117822682701534	0	3.440839406328e-06	0.000959264319339926	0.00120950718525469	0.284129920674054	0.0437925015350836	0.0927983961100581
103	2	54	High_fiber2	0.443419652358993	0.00235712552043464	0.0557775246914733	0.00240380127331454	0.000837829764194096	0.0011458897332014	0.143527940105674	0.014959578798006	0.000476092679374918	0.000662795690894494	0.232445249341872	0.0354735721887194	0.0665129478538489
104	2	55	High_fiber2	0.457922166833287	0.00317371798795347	0.0444320518313486	0.00168887135787524	0.00123094919104195	0.000648345246110495	0.116747483128288	0.016095284081764	0.000571269237831625	0.00067328160173013	0.224880588860703	0.0387646982814317	0.0931712923606341
105	2	56	High_fiber2	0.480338946867123	0.0059939731831282	0.0150259875686638	0.00348964192168422	0.00133016939132434	0.000603502779397154	0.134043304403518	0.0164423716427592	0.00073077207301152	0.000632241006987495	0.242222203975729	0.0465969833071952	0.0525499018794801
106	2	57	High_fiber2	0.391027821174793	0.00381934150914914	0.0214610618133142	0.00260078969432537	0.00168596646618155	0.000492876928085437	0.147863078425631	0.0133495079415022	0.000352834406083302	0.000856623738480593	0.261897703484513	0.0636556918191524	0.0909367025987891
107	2	58	High_fiber2	0.346734225904283	0.00323618610843997	0.022422146608477	0.00360603594940454	0.0016111583697019	0.000591759745543309	0.152794215548487	0.0128522819735188	0.000767438420001479	0.000931559286929507	0.272764257711369	0.063799097566388	0.117889636807456
108	2	59	High_fiber2	0.44833177193893	0.00228183195753864	0.0266749369684095	0.00184796250082355	0.00132731915276544	0.000417800217577498	0.120840678314722	0.0136909917452319	0.000555995674160824	0.00077935809817341	0.226576271840105	0.0605810315487372	0.0960940500428245
109	2	60	High_fiber2	0.435917800965866	0.0034690840705137	0.029213339541168	0.00337779238444755	0.00113201690722026	0.000483845936150595	0.141502113402532	0.0144469093199682	0.000696099106254393	0.000714357443467623	0.223664630862067	0.062078346524982	0.0833036635353618
110	2	62	High_fiber2	0.329651482652091	0.00641483966241906	0.0236101737575146	0.00305150358941462	0.00185985802712497	0.000928815326121093	0.192890664849129	0.0114041593998561	0.000429883352377389	0.000766216959677832	0.260602861285774	0.0659302965304182	0.102459244608082
111	2	63	High_fiber2	0.415761607385284	0.00622228255950765	0.0265861163906236	0.0039313512535071	0.00158951036292877	0.000814553353244638	0.183557335505476	0.01371730473346	0.000554348809847045	0.000514752466286542	0.195153407548194	0.0718390804597701	0.0797583491718708
112	2	65	High_fiber2	0.320502101378995	0.00398537395627794	0.0195088235621997	0.00390176471243994	0.00141857017045138	0.000883471009888187	0.175300714580337	0.0126807353154298	0.00063821722796339	0.000771992018104188	0.245253781924796	0.104232857318038	0.110921596825078
113	3	1	High_fiber1	0.441565077501151	0.147348346513971	0.0993521424377589	0.0760739834607961	0.000832734140722279	0.006791462876784	0.105111686926904	0.00295176655068704	0.0031917475710681	0.00662347616251726	6.28750273398377e-06	0.110151288354907	0
114	3	2	High_fiber1	0.204846741405005	0.0308957696162174	0.147209255230212	0.0493293800595068	0.000838599461011616	0.000633493091290509	0.327131678289361	0.0187711272542229	0.00454349553179668	0.00238598422498351	0.0869754858943936	0.0911295389520363	0.0353094509899628
115	3	3	High_fiber1	0.181246278919056	0.0121445544450123	0.0721823843369495	0.0115649878554456	0.000508437962665374	0.000932575330484676	0.33193359220641	0.0201794548912786	0.000840371554871784	0.00123289619962381	0.174396855587812	0.0418868580641422	0.150950752646248
116	3	4	High_fiber1	0.148208797078732	0.0124346523989247	0.0718057392050579	0.0245190328992881	0.000229865933430826	0.000641435414240304	0.22548753469881	0.0163095352767586	0.000650192211704335	0.000794679369860854	0.210163139136755	0.0632678616776273	0.22548753469881
117	3	5	High_fiber1	0.189442910963144	0.00269070185317168	0.0601579682619685	0.0177411317310751	0.000420011996592653	0.000177630073558976	0.206505898324721	0.0156848229977569	0.000206943410821172	0.000332509497302517	0.249382122976888	0.0966902617156003	0.1605670861974
118	3	6	High_fiber1	0.195938757235542	0.00197769960574192	0.051273693482198	0.0158399088793219	0.000333279007634287	0.000272849297458839	0.205094773928792	0.013459344539077	0.000294823737522638	0.000397371124487034	0.25087485739504	0.12323998469114	0.141002657076044
119	3	7	High_fiber1	0.235270623276342	0.00137642577239623	0.0459426098996321	0.00915147148807187	0.000513149312185407	0.000264911016759975	0.154685803492713	0.0150795501847986	0.000185067206813437	0.000298256459429063	0.248238295425431	0.117450059178898	0.171543777286529
120	3	8	High_fiber1	0.301173815414762	0.00207771809368412	0.0480353173952658	0.00890178302523379	0.000449854559733442	0.000444136069567339	0.134384518903422	0.0171173472305352	0.000226833443255422	0.000545162729168493	0.25923822086334	0.129047261415059	0.0983580308569729
121	3	9	High_fiber1	0.332361127281376	0.00118018052980752	0.0437841005999417	0.00473664361035733	0.00082194697944436	0.000294547585854153	0.150060053874346	0.0181305980211577	0.000186082427549752	0.000254743858036024	0.242802739690586	0.164389395888872	0.0409978396526727
122	3	10	High_fiber1	0.263944892077176	0.00185468419700658	0.0443050354558116	0.00747058310611292	0.000754128263077645	0.000674002135125645	0.167793538534776	0.0178398467234305	0.000450120307024469	0.000487826720178351	0.261588241255058	0.147762006546776	0.0850750946784468
123	3	11	High_fiber1	0.295442629823794	0.00334775385382786	0.0406736449530488	0.00621278752579536	0.00137664644456473	0.000625748383893058	0.157331022235969	0.0189512367693326	0.000344608574272534	0.00146603907083516	0.273988399518889	0.137217681325121	0.063021801520658
124	3	12	High_fiber1	0.296136612785744	0.00123604847075789	0.0448803313787091	0.00875534333453505	0.00100796809817756	0.000331084411810149	0.150459471589279	0.0200490004929479	0.000553646710860304	0.000380747073581671	0.286939823568796	0.126363883840873	0.0629060382439283
125	3	13	High_fiber1	0.286809187534646	0.00289219348774433	0.0412137572003567	0.0126774481212793	0.000684485792099491	0.000939962883516907	0.137138174543877	0.0184859367091658	0.000588079342508014	0.000390446120845485	0.267527897616351	0.122918223229134	0.107734207418476
126	3	14	High_fiber1	0.370441272627373	0.00136491448773442	0.047734714325138	0.0112624091610873	0.000855246964992057	0.000385358370853979	0.152651638518931	0.0185469254617463	0.000472374777175845	0.000459943861987007	0.258563035927831	0.117596457686408	0.0196657078287418
127	3	15	High_fiber1	0.370930101931592	0.00163421204908147	0.0398484909503653	0.010110494778364	0.000860557836481294	0.00047902973163737	0.121877033491809	0.0160665724150941	0.000360332099019261	0.000771534612017711	0.245873667566084	0.0964418265022139	0.0947461460362409
128	3	16	High_fiber1	0.393134719317271	0.00160566820754863	0.0377674365186816	0.00773017706522723	0.0010998937652809	0.00115069207170954	0.142235258000181	0.0156370438919454	0.000324667436739544	0.0010998937652809	0.234113933975453	0.0843693611119087	0.0797312548727723
129	3	17	High_fiber1	0.421375304165827	0.00206520204019735	0.0344972089674221	0.00757086398144096	0.00100018753516284	0.000509354763277374	0.153501003660409	0.0152111854306016	0.000509354763277374	0.000497778518657433	0.218791023316872	0.0838120110483679	0.0606595218084872
130	3	18	High_fiber1	0.40190005631142	0.00202539463406659	0.0345134511634666	0.00751575811520227	0.00101042669524623	0.000703892753991753	0.166209514813537	0.0151223411018873	0.000429147517756262	0.000685727779695192	0.225699805634775	0.0706163375778823	0.0735681459010736
131	3	19	High_fiber1	0.425310533650797	0.00440500195566897	0.0336704172473548	0.00729103771972795	0.000827836574427445	0.000703787668779296	0.175693756162889	0.0160504094246789	0.000193668189430274	0.000668345124308396	0.209364173410244	0.0784799198998495	0.0473411129718447
132	3	20	High_fiber1	0.469829138803189	0.00228202724561549	0.0317693989095489	0.00736065650791662	0.00155491072127722	0.000803184099192118	0.131104702542223	0.0161979188806433	0.000248338259081685	0.00169138489969148	0.232677287788246	0.0561557684950478	0.048325282848328
133	3	21	High_fiber1	0.425866294468684	0.00113472761042301	0.0414876196546911	0.00167873745755075	0.00215405919266741	0.000359925706938049	0.165950478618764	0.0160180677209834	0.000321460364211845	0.000763811805563188	0.215955424162829	0.0678638546669451	0.0604455385697487
134	3	23	High_fiber1	0.523632748032812	0.00181947098830078	0.0220048003064372	0.00493070525384982	0.00158719809617728	0.000894454382826476	0.110431497834157	0.0153626105843089	0.000409533783480915	0.00128361335120884	0.209860595515096	0.0592907119367892	0.0484920599345561
135	3	25	High_fiber1	0.485586345512206	0.00267823396751578	0.00868548772642967	0.00675816047877812	0.00109882683340133	0.000648282801482791	0.106128149740812	0.018672547100624	0.000310374777543884	0.000488089367911753	0.242292568276193	0.0708355339071929	0.0558173995099082
136	3	27	High_fiber1	0.455237298189627	0.00214283415107441	0.0184853933204273	0.0082080664370554	0.00132892504218992	0.00073803622585288	0.163931410913739	0.0151745766063209	0.000390860306526447	0.00075183129549499	0.209685058560071	0.075642965204236	0.0482827437473847
137	3	29	High_fiber1	0.378218949169821	0.00180432686927485	0.0284776620551394	0.00433839382871265	0.00106123787502356	0.000536180980881922	0.179320278253456	0.0137716193844776	0.000193781591015832	0.000487234999224651	0.210467721126265	0.0774236437124103	0.103898970154298
138	3	31	NA	0.434637485922308	0.00206512838615019	0.045144667046074	0.00547499153537493	0.00114542586069028	0.00061473589169122	0.162328696399713	0.0163769483645864	0.000465854542922253	0.000605130643383545	0.190904310115047	0.0669966069460353	0.0732400183460243
139	3	33	NA	0.464622860131353	0.00254054864406799	0.0400536948389098	0.00357050079706853	0.00214230047824112	0.000585928335929194	0.130689484302957	0.0167538883554754	0.000225445082379006	0.00121992110566508	0.213543413055445	0.056304051030696	0.0677479638418131
140	3	35	Low_fiber	0.426258316561141	0.000703728352813204	0.0542876157884472	0.00317683084984247	0.00177339544908927	0.000363928091026257	0.14939147604006	0.0139941409587997	0.00035588548127982	0.000444354188490623	0.181360849782146	0.0633355517531884	0.104553926703676
141	3	36	Low_fiber	0	0.00464613147488074	0.0673866397120108	0.00578106435424092	0.00330194534588853	0.000801546346048128	0.181234594172829	0.0254650564806441	0.000734159706336117	0.00131581280700821	0.411413168768066	0.0755439697824121	0.222375911049636
142	3	37	Low_fiber	0.32966448662732	0.00561493061094273	0.0580634869995215	0.00635933429042378	0.00395597383952784	0.000610411017174456	0.0461530281278247	0.0250970383367895	0.000825224650396129	0.00278619662891477	0.359440633806561	0.0563619928749934	0.10506726218961
143	3	38	Low_fiber	0.155561155109257	0.00558104278035889	0.038942350743549	0.00326949147953861	0.00431073080423243	0.000393588464734265	0.0276969660368557	0.0160767351732726	0.000520619662346912	0.0017034675351991	0.381093592837939	0.0483135046657934	0.316536754706922
144	3	39	Low_fiber	0.189748482330868	0.0140877092704776	0.0648077123302516	0.00620454163948638	0.00784067077044683	0.00156813415408937	0.0138327281072111	0.0250731477212121	0.000563083402213661	0.00312351925001541	0.382471744899846	0.0505712640478685	0.240107262076014
145	3	40	Low_fiber	0.188480735573495	0.00959855597827984	0.073298063834137	0.00772870741108247	0.00660679827076405	0.00259285667984702	0.0188231422431202	0.0213412049802793	0.000752925689724808	0.0028671011363693	0.446270524704439	0.0468708707510808	0.174768512747381
146	3	41	Low_fiber	0.15070209967962	0.0108999761700926	0.056485706468496	0.00578095902138514	0.00714897222491902	0.001661474100421	0.0150260805097835	0.0159527991315323	0.000372893921608431	0.00275809113615703	0.403784542333389	0.0425849271422645	0.286841478160331
147	3	42	Low_fiber	0.18255002503285	0.00876601605355765	0.047535303548158	0.00663325338485702	0.00634406522638914	0.00198816858946668	0.011621749118428	0.0111518183609177	0.000294610436439154	0.00249424786678547	0.477160461472004	0.0392211439922064	0.204239136917941
148	3	43	Low_fiber	0.182195455235589	0.0119270543381075	0.0347520960912327	0.0062081414376571	0.00799635609089529	0.00139177083860519	0.0135971793444338	0.00887359346795553	0.000396443814632994	0.00236179293823911	0.394756819677109	0.0268232197985728	0.30872007692697
149	3	44	Low_fiber	0.134902053509037	0.0109357220215463	0.043489550896497	0.009922373262793	0.0102390447499034	0.00205625352297029	0.0314560343863012	0.0128146395117348	0.000470784944170817	0.00270226335667554	0.502452092881858	0.0462340371181206	0.192325149838392
150	3	45	Low_fiber	0.148565713125885	0.014019581379485	0.0359905671234539	0.00709348968305284	0.0132662904396917	0.00171164441319682	0.0265744303760387	0.0104414494154672	0.000470806837370764	0.0025946687926211	0.45825198837421	0.0215524907774172	0.25946687926211
151	3	46	Low_fiber	0.110051533978712	0.0165920146414295	0.0334730048644223	0.0102827144439628	0.00996965756393585	0.00272118672638829	0.0462360930501373	0.012450031305688	0.000385300775417811	0.00337138178490584	0.505707267735876	0.0284159321870635	0.22034388094206
152	3	47	Low_fiber	0.127886762373084	0.0105859178767311	0.0435797517380397	0.00519787584366437	0.0139613677386229	0.00206013371852551	0.0410442025460083	0.0164810697482041	0.000470661318770829	0.00263063228673258	0.461153009300711	0.0229784145527846	0.251970200958121
153	3	48	Low_fiber	0.141322484617187	0.0102843590290726	0.04967275449416	0.00587677658804146	0.0237869528563583	0.00194493320413753	0.0619160390525797	0.0139573443965985	0.000892010732113436	0.00356804292845374	0.475739057127166	0.0291390172490389	0.181900227725093
154	3	49	Low_fiber	0.143372269213802	0.0117958455607342	0.0613767573891862	0.00601779925964286	0.0129226844659263	0.00148167328384832	0.0589792278036711	0.0186767554711625	0.000762414408193797	0.00299691198189386	0.481903446688532	0.0345244260314172	0.165189788441989
155	3	50	High_fiber2	0.300620521678911	0.0125520872271692	0.0716137891957614	0.0064531106747829	0.00747616480615092	0.00145588472540834	0.161327766869572	0.0210513061646881	0.000554810125088042	0.00196741179109235	0.305342309977532	0.028527470970839	0.0810573657930047
156	3	51	High_fiber2	0.342472652551421	0.00520903782452162	0.0748259577003105	0.0080006216310332	0.00139003606035577	0.00240882025366	0.212678395155883	0.0145622825370604	0.000526659625352186	0.000920934864003822	0.256135009051063	0.0371251867051541	0.0437444060401815
157	3	52	High_fiber2	0.423838130689566	0.00266178536181853	0.0702301830079813	0.00317366716216825	0.00149264732981978	0.000763727646121779	0.18161566276408	0.0164416434272329	0.000450455984307752	0.00100738338308824	0.214990356146881	0.0341937042633611	0.0491406528335729
158	3	53	High_fiber2	0.387828017665566	0.00414491193880074	0.0647188004479414	0.00465393621198679	0.000770808185110313	0.00135255021160866	0.131376740984211	0.0160706234820169	0.000504176422965236	0.000751416784227034	0.259359986813847	0.0336925590346961	0.0947754718170227
159	3	54	High_fiber2	0.431833389272147	0.00282188155365957	0.059216756845735	0.00339908459872631	0.000968418442278627	0.00133611815987669	0.159265284657302	0.015776883231824	0.000743950591419342	0.000763190692921567	0.22874342897089	0.0399766553435106	0.0551549576397099
160	3	55	High_fiber2	0.414343490753835	0.00567470432988948	0.0480398250149374	0.00293042932591118	0.00141116985981379	0.000780647156492732	0.163935902863474	0.0135412256760855	0.000501415673593409	0.000852706894015138	0.269023020083649	0.0369306154802331	0.0420348468880702
161	3	56	High_fiber2	0.34220051558211	0.00427267310416081	0.00866134638309522	0.0022813367705474	0.00157373570442846	0.000382800576752869	0.177673601028226	0.0115806841148974	0.000179026936400584	0.000726934428581206	0.282267091949085	0.0506534096511372	0.117546843770578
162	3	57	High_fiber2	0.395807428483946	0.00373403234418816	0.0220307908307102	0.00429413719581639	0.00180353762224288	0.000453684929818862	0.160563390800091	0.0145440559806129	0.000647854611716647	0.000687061951330622	0.240845086200137	0.0651588644060835	0.0894300746433066
163	3	58	High_fiber2	0.360738439847554	0.0066364858017756	0.0225254995263587	0.00784812636309563	0.00166049831471813	0.000726984336792016	0.175687881391404	0.0136309563148503	0.000729738065340471	0.000886700592602384	0.264082567796797	0.0787566364858018	0.0660894851629106
164	3	59	High_fiber2	0.407461934982913	0.00242170772678524	0.0271000626568825	0.00271000626568825	0.001343471191288	0.000424759847317094	0.14299607529589	0.0137998900621572	0.000688072512848505	0.000703448434923332	0.257546694753351	0.080531391866906	0.062272484403049
165	3	60	High_fiber2	0.403369373673275	0.00342525948594066	0.0243373700316837	0.00241120240128718	0.0013746107147525	0.000387595152356443	0.13746107147525	0.0148728372415845	0.000678291516623776	0.000651249994366349	0.245627160504955	0.0878849473366354	0.0775190304712887
166	3	62	High_fiber2	0.332037316710046	0.00317042083052173	0.0165804440731339	0.00242065914762808	0.00128744791834024	0.000835448732367212	0.201793001510234	0.0107751464713002	0.000447714833499352	0.000503411415657166	0.229212857341774	0.0906140548182899	0.110322076197209
167	3	63	High_fiber2	0.35046001121472	0.00404976012959232	0.0227928807293722	0.00303732009719424	0.00184316005898112	0.000999460031982721	0.143558804593882	0.0117079603746547	0.000433532013873025	0.000846296027081473	0.227409607277107	0.0970904031068929	0.135770804344666
168	3	65	High_fiber2	0.312240337322784	0.00492875243211998	0.0265791361522701	0.00402557790267391	0.00138056678072471	0.000965106497179515	0.204633543385924	0.0131863481299126	0.000552226712289883	0.00108122893667972	0.25804986555602	0.0874789044234908	0.0848984057679306
169	4	1	High_fiber1	0.574193679241699	0.00064275411855414	0.054277014455683	0.29709523702058	0.000206823991925866	0.00173686446258185	0.00645610803525492	2.6281501736436e-05	3.28518771705449e-05	0.00762734887350913	0	0.057705036421305	0
170	4	2	High_fiber1	0.686827027602462	0.023315277641984	0.0815771565351584	0.0447358600354094	0.00213942671816399	0.00223152995941336	0.0792087874744602	0.00138681166109769	0.00268415160212457	0.00431569473282773	8.99980243065296e-07	0.0715773760566551	0
171	4	3	High_fiber1	0.640746872095474	0.019831481136339	0.062369277283818	0.0238270129623336	0.000828341963925707	0.000842959763289102	0.191493171660472	0.0180042562159146	0.00121327734716177	0.00153486893315646	0	0.0392244282917762	8.40523463395203e-05
172	4	4	High_fiber1	0.499252303839532	0.00957357439780201	0.0504738592892713	0.000378553944669535	0.000551372049844758	0.000307232186978173	0.228778253517676	0.0282543886238856	0.000652868397328618	0.00100399089673224	3.78553944669535e-07	0.0249626151919766	0.155810609110359
173	4	5	High_fiber1	0.223105093722322	0.00493757174631369	0.0721042223271205	0.00417995491751423	0.00124092411613704	0.000187575476923451	0.279534485108764	0.0153090848853959	0.000488532230984476	0.000770679187916687	1.17038737690399e-06	0.0689692561389848	0.329171449754246
174	4	6	High_fiber1	0.184118226879611	0.00103947890375461	0.0713326616139295	0.00576553076171583	0.00100581157083948	0.000110891777789206	0.239879747020294	0.0140771535751383	0.000410320619903134	0.00102264523729704	5.09218410341325e-06	0.106683361174815	0.37454907868081
175	4	7	High_fiber1	0.25011141774377	0.00263897086438309	0.0758211778199619	0.0121510822636147	0.000984690621038466	0.000116587369530954	0.204815649176001	0.0136478120075931	0.00041750882332031	0.000462804591888079	5.41579841571157e-05	0.182758579264739	0.256019561470001
176	4	8	High_fiber1	0.276606454851654	0.00130302214268961	0.0733807206672571	0.0265176436056131	0.000665227093899433	0.000202539933056666	0.198425126290278	0.0137617426298096	0.000377190620252256	0.000594360977367191	0.00262890432297027	0.200253929297561	0.205283137567591
177	4	9	High_fiber1	0.325677185961673	0.00161198492044339	0.0599808342490564	0.00548262313057781	0.000789591450856718	0.000419397239475824	0.193297610372936	0.0158855490706485	0.000363165207367333	0.000243672139136791	0.00988746564574288	0.197046412513502	0.189314508098584
178	4	10	High_fiber1	0.227683900902121	0.00166557952732002	0.0621515513273356	0.0143584442010346	0.000820482525773407	0.00051895519755168	0.180711276301593	0.0124097982023228	0.000463572627061975	0.000773304780541436	0.0287168884020693	0.166147711469115	0.303578534536161
179	4	11	High_fiber1	0.374527519129713	0.00492647736701392	0.0570434221443717	0.00639577763436895	0.00104579607264681	0.000659744629851572	0.155284871393012	0.0185247072923389	0.000290979072554623	0.000723126210011985	0.0518576564948834	0.182077993915368	0.146641928643865
180	4	12	High_fiber1	0.339124881636608	0.00125300037435864	0.0537314747528132	0.0068265398251525	0.00104600206998304	0.000372156525951862	0.168901807931999	0.0181894254695999	0.000497676774349827	0.000464645130034573	0.102177886415186	0.151284930963863	0.156129572130101
181	4	13	High_fiber1	0.35884717451259	0.000894224007454761	0.0541164690595599	0.00761103281425897	0.000923163295721905	0.000341483601552303	0.179134194373624	0.0188684159501781	0.000561422192382601	0.000755315423772468	0.172767550954852	0.135725261972907	0.0694542918411465
182	4	14	High_fiber1	0.372103482246113	0.00125819163061635	0.0578232749389643	0.00444382575919818	0.00121535957510601	0.000449736582858611	0.150715295327023	0.0188728744592453	0.000342656444082752	0.000594294770206022	0.201310660898617	0.131440870347368	0.0594294770206022
183	4	15	High_fiber1	0.413276139715837	0.00189299473191679	0.0439402792226608	0.0067454266482355	0.000764798373497124	0.000448903393139616	0.136571138124486	0.0171010816434139	0.000410900989487585	0.000961935842442034	0.184786687758001	0.113294665887617	0.0798050476692651
184	4	16	High_fiber1	0.383689907170837	0.00219803753022673	0.0371792545708176	0.0108860857383354	0.000666252241909051	0.00121055652882582	0.193629557804818	0.0151691358648936	0.000538355606185438	0.00058891939240175	0.199280804499582	0.108563423346787	0.0463997097043803
185	4	17	High_fiber1	0.367854282239165	0.00286867008810703	0.0355988015070159	0.0137055385802011	0.000795039900323356	0.000486516953929218	0.185707081194933	0.0175917410780504	0.000593313358450266	0.00071494259693257	0.211219555608295	0.0940401673143671	0.0688243495802308
186	4	18	High_fiber1	0.414013762942955	0.00426072416232555	0.0363769374236285	0.00574795806804296	0.000731558299569104	0.000926506527750981	0.144100906810727	0.0188516946427423	0.000215045983664544	0.000554698051321628	0.20499710592321	0.104709306064699	0.0645137950993633
187	4	19	High_fiber1	0.391170221277882	0.0022640458261841	0.0370426345907085	0.0074974292411594	0.00153801018820622	0.00101644989316904	0.192029017718233	0.0178693669265578	0.000536377348873459	0.00113202291309205	0.223441171851154	0.0779377031788507	0.0465255490459299
188	4	20	High_fiber1	0.387871044285747	0.00278354514134477	0.0351365534235324	0.00887540213100915	0.0013347327112186	0.00100618312076479	0.182983869127746	0.0162221360286568	0.000342239156722718	0.00112710762280682	0.255538570352963	0.0595496132697529	0.0472290036277351
189	4	21	High_fiber1	0.415360602659856	0.00222385614591799	0.0394721566502844	0.00652709518465488	0.00137765566348052	0.000944235904183275	0.166402229015905	0.0160210518168802	0.000647549759426235	0.000933916386104769	0.221869638687873	0.073784554261316	0.0544354578641177
190	4	23	High_fiber1	0.417498244335418	0.00106184524570858	0.0255808172829793	0.00255808172829793	0.00139487852731718	0.000649173570671834	0.15372623216281	0.0164344684619896	0.000294420727219196	0.000468177221971509	0.19475207120155	0.0803623788229445	0.105219210711123
191	4	25	High_fiber1	0.433961130435363	0.00214087491014779	0.00776679151394573	0.00814511660201759	0.00138199929230954	0.000865696819176186	0.168688480446157	0.0145321342653483	0.0006898869253075	0.000638701766333073	0.219873639420584	0.0912431094761533	0.0500724381271573
192	4	27	High_fiber1	0.440451924160325	0.00243785018488738	0.018258268716646	0.00563368740205066	0.00171059235662266	0.00104223216937937	0.173363925963104	0.016901062206152	0.000402040419146343	0.00126501889846047	0.193593985270468	0.0926997654337427	0.0522396468190152
193	4	29	High_fiber1	0.42554866720782	0.00127102201042688	0.0286823551025535	0.0031494350700843	0.000757364147805987	0.000618639031623703	0.152785094173733	0.0155409623398803	0.000187466373219304	0.000275575568632377	0.185216776740672	0.100856908791985	0.0851097334415639
194	5	1	High_fiber1	0.408483077444541	0.022544694438196	0.176786118762883	0.0174777185595123	0.000779019639498059	0.000950895032739751	0.204911183111524	0.00279018495522227	0.00330357898698317	0.00170312889666768	1.79241481523479e-06	0.160268223827967	3.83929449838585e-07
195	5	2	High_fiber1	0.164466756655388	0.0248705827137416	0.249708673214583	0.0368044510320289	0.000610733260994703	0.000226643213439742	0.360021741702953	0.0138392758649046	0.00111315914565537	0.000919609852762139	0.0490391731734663	0.0856430549900618	0.0127361451800209
196	5	3	High_fiber1	0.188657726413032	0.0196736268853892	0.120940532423468	0.0170124599636941	0.000634403185796972	0.000995561553741315	0.251860440803292	0.0194360226959522	0.000586882347909558	0.0012236615756009	0.165134911658762	0.0572626096543334	0.156581160839028
197	5	4	High_fiber1	0.169929267709145	0.00881341929995685	0.0918149713614995	0.0224936455451335	0.000871117545656988	0.000261744239070644	0.237205716657771	0.0220846701715856	0.000646181090205653	0.000709572273105575	0.233115962922293	0.0550071877421901	0.157046543442387
198	5	5	High_fiber1	0.231166735943301	0.00510768407036627	0.0689097031907174	0.010875844529142	0.000904852652120922	0.000201665457261013	0.188676088288961	0.0212233079475564	0.000332439782166081	0.000361060425663823	0.29060961090015	0.0587823985684394	0.122848608244154
199	5	6	High_fiber1	0.145665114104339	0.00539500422608664	0.0553487470602222	0.0395633643246354	0.000879185873880786	0.000545494871748761	0.154456972843147	0.015605549261384	0.000435596637513662	0.000643404207703666	0.321702103851833	0.0997076706969346	0.16005179204057
200	5	7	High_fiber1	0.241776778183863	0.00226782869459282	0.0459188454690282	0.00757192390591322	0.000931496579514572	0.000401087058382532	0.157998313185268	0.0198669290600693	0.000268016118451879	0.000273638834223597	0.303626651672758	0.0766563583544185	0.142442132883516
201	5	8	High_fiber1	0.269834632470935	0.0028949146000193	0.0416367346792899	0.0131522046025568	0.000888131207536785	0.000427089252718897	0.147604904914564	0.0177447543075257	0.000457467986175889	0.00053609529629987	0.314509240495924	0.0970332486302765	0.0932805815561774
202	5	9	High_fiber1	0.235259150296341	0.00181356090164203	0.0453390225410507	0.0124934195446451	0.000750612706512951	0.000332486165301039	0.173799586407361	0.0163472364606344	0.00035263684198595	0.000425683044968754	0.250624041268586	0.121911593943714	0.140550969877257
203	5	10	High_fiber1	0.236893663871192	0.002990297068538	0.0485437835801623	0.0115534204920786	0.000899030871904606	0.000922331888023083	0.157864384202688	0.0157281858799726	0.000500971846547275	0.000607768170423632	0.271845188048909	0.145243000471846	0.106407973607716
204	5	11	High_fiber1	0.305732656789672	0.00242349057211325	0.0457582135993411	0.00386402692616658	0.0018337180412773	0.000406739676438587	0.161340071653973	0.0219978375007203	0.000433855654867827	0.000660951974212705	0.251500699931193	0.115242908324266	0.0888048293557582
205	5	12	High_fiber1	0.313225081149237	0.00301254695882387	0.0440909190662301	0.0102147287610452	0.00129280160881978	0.000794035556034371	0.126287564565266	0.0209481742169872	0.000484800603307417	0.000434923998028877	0.265343540081838	0.125888551723037	0.0879823317113461
206	5	13	High_fiber1	0.367944921475601	0.00371482853412866	0.0513000130903482	0.0118697616495254	0.00084025883510053	0.00149300727752599	0.142755553668659	0.0332565602102947	0.000465238049750399	0.000760655366512059	0.247655235608577	0.120466582463887	0.017477383770091
207	5	14	High_fiber1	0.351288056206089	0.00202441001621329	0.0414339758602054	0.0114168618266979	0.000718339038011169	0.000556206088992974	0.135110790848496	0.0207620248603855	0.000641776256530355	0.000315258511979824	0.265717888668708	0.110340479192938	0.0596739326247523
208	5	15	High_fiber1	0.379957472229915	0.00345623965703116	0.0389113073970395	0.00528736000512714	0.00100024949014743	0.000636314320963352	0.0949893680574789	0.0233467844382237	0.000391401974405515	0.000652336624009192	0.267801350909037	0.0913271273612869	0.0922426875353349
209	5	16	High_fiber1	0.400680128834072	0.00254020927831344	0.0398111666469751	0.00796223332939502	0.00122001962305246	0.000565061720150615	0.144861277347703	0.0172086978409505	0.00044691245139185	0.00123286193487407	0.234243767626073	0.0837318730768638	0.0654957902901849
210	5	17	High_fiber1	0.456131504444876	0.00238651082494366	0.0352202807229588	0.00406091761341219	0.00125676739410339	0.000656290476859506	0.134145003627881	0.016936528435084	0.000267520165054168	0.000585080073211993	0.198234366910643	0.0885318531833937	0.0615873761275783
211	5	18	High_fiber1	0.397207059793402	0.00229580684245369	0.0379719956532058	0.0117413407611886	0.00116164328807504	0.000756941755455352	0.146891667395296	0.0181616058157109	0.000814399380456913	0.000779425173934224	0.277295494572753	0.0701982288062554	0.0347243907618132
212	5	19	High_fiber1	0.49127782690556	0.00134105568966112	0.0219614466405891	0.00398333373166671	0.00181905573746113	0.000329288921817781	0.127732234995446	0.0193590019359002	0.000634677841245562	0.000945377872315565	0.215100021510002	0.0655922287814451	0.0499244494368894
213	5	20	High_fiber1	0.478188017308074	0.00241037862382931	0.0307128889165348	0.00637584023077431	0.000975814571905093	0.000482075724765863	0.131015741327497	0.0168726503668052	0.000614257778330696	0.000730889002064373	0.204104641533934	0.0692011927486481	0.0583156118668382
214	5	21	High_fiber1	0.466255380341692	0.00196808850017914	0.00819627879126974	0.00355826474471291	0.00150674107120947	0.00044662357485362	0.149201721709341	0.018748374241108	0.000451531526225638	0.000711652948942582	0.204906969781743	0.0549690553665994	0.0890793174021232
215	5	23	High_fiber1	0.458163619794682	0.00284464225476918	0.0124610435054048	0.00609206571375347	0.00176720253349377	0.000780388583166767	0.14852556905432	0.0186538045202121	0.000427955029478549	0.00112275260674961	0.22278835358148	0.0659554221902235	0.0604171806322658
216	5	25	High_fiber1	0.512757627451108	0.00158664624343362	0.029024016648176	0.00297496170643803	0.000907000520255498	0.000461965598316801	0.127705673251974	0.0209698520283071	0.00021937319249913	0.000333776191454023	0.203168116537232	0.0742531092582501	0.0256378813725554
217	5	27	High_fiber1	0.462351919701299	0.00319883014211945	0.0325259199324751	0.00771482563687633	0.00154027703481886	0.000860189618048929	0.162360790406735	0.0179564582767714	0.000534930418724177	0.0010187870788767	0.183327912346678	0.060213273263425	0.0663958861431517
218	5	29	High_fiber1	0.420895474976573	0.00254390283932381	0.043942546444095	0.0154857769095154	0.000926499473218871	0.00117533076031194	0.176829042317202	0.0163593335556932	0.000497662574186136	0.000775612416151798	0.195623745916784	0.0749141002631259	0.050030971553819
219	5	31	NA	0.475116589670046	0.00260547807238412	0.0411621745889256	0.00206248768418978	0.000715959100562696	0.000650274779410155	0.158956057189149	0.014494340200994	0.000398484881658748	0.000376590107941234	0.176252928425985	0.0586779935629365	0.0685306417358177
220	5	33	NA	0.533930239960571	0.00279286587056299	0.0367590434434393	0.00345001078128369	0.00117464652791326	0.00039223336858642	0.120955735129529	0.0157304063003768	0.000531876662114569	0.000683841422718732	0.164491585464776	0.042098345843045	0.0770091692250824
221	5	35	Low_fiber	0.502018756275234	0.00118561876482023	0.0558095319476191	0.000817115635213945	0.00167962658349533	0.000352481254406016	0.148202345602529	0.016582640832283	0.000461964068274551	0.000518040631475508	0.127373907842174	0.0496678131208477	0.095330157441627
222	5	36	Low_fiber	0	0.00495471021562831	0.0447960101686943	0.00397055544677063	0.00231785416251653	0.000292192157236711	0.132012484512289	0.0235518417099044	0.00104863387440353	0.00176808494680983	0.393661907543071	0.0617641958386543	0.329861529424022
223	5	37	Low_fiber	0.187342928946767	0.00465241863459821	0.0351008370199597	0.00209774233077866	0.00421625438760463	0.000415394520946269	0.0500550397740254	0.017425800153696	0.000394624794898955	0.00230543959125179	0.37177809624691	0.0375932041456373	0.286622219452925
224	5	38	Low_fiber	0.14224008856544	0.00585294144336258	0.0383390350359797	0.00213019845554941	0.00505893775918549	0.000562608324788341	0.0251812596981879	0.0170824221195815	0.00033348154735438	0.00279035580439379	0.451447809003548	0.0299452818032504	0.279035580439379
225	5	39	Low_fiber	0.176514826623905	0.00555234431164397	0.0673325336300108	0.00159526310446487	0.00901220065509376	0.00132593296994483	0.018583779281883	0.0283832526378815	0.000391564580186832	0.00368775107265906	0.403995201780065	0.0495153093463772	0.234110040005884
226	5	40	Low_fiber	0.145895555551829	0.00550043014034482	0.0536627330765348	0.00211297011488856	0.00602028786702375	0.000717739054898653	0.0149417172409977	0.0223035734349348	0.000434332745838204	0.00199558288628364	0.457810191559187	0.0387377854396236	0.249867100887615
227	5	41	Low_fiber	0.13738067381203	0.0100732762253043	0.0401755180192098	0.00813309267218149	0.00568336596369309	0.00116802969460727	0.0199897699412654	0.0205777043513026	0.000832907080886056	0.0024497267084884	0.450749714361866	0.0538939875867448	0.248892233582422
228	5	42	Low_fiber	0.126644412445557	0.0104696668836725	0.0480477630355509	0.00382602557505313	0.00787449449749306	0.000826006296629687	0.013064839269852	0.0123975092276915	0.000418193493087202	0.00217994480439074	0.441920783475129	0.0372221867960595	0.295108174199834
229	5	43	Low_fiber	0.155199172271081	0.0140919912077211	0.0479876777007114	0.00547761784486169	0.00926981481438132	0.00130386031606323	0.0174394243351366	0.0121724840996926	0.000529034885871257	0.00243449681993853	0.505626262602618	0.0348788486702732	0.19358931443165
230	5	44	Low_fiber	0.179411572257483	0.0144795692433686	0.0654324557644938	0.00405259080863962	0.010701372604064	0.00123477376200738	0.0270172720575974	0.0206217771877131	0.000793632366691925	0.00272283444955474	0.481245158525955	0.031660865692497	0.160626125279935
231	5	45	Low_fiber	0.139567656437728	0.00955293182413572	0.0530718434674207	0.00325206189757812	0.0121500645895627	0.000711388540095213	0.0388440726655164	0.0172539950677061	0.000733972303272839	0.00200092141753765	0.483292532001192	0.0186993559110742	0.22086920387718
232	5	46	Low_fiber	0.112325061306546	0.0158536873315546	0.0522834369444885	0.00600416243620577	0.0110638498824466	0.00170342810690108	0.0450312182715433	0.0207447185295874	0.000526207494409045	0.0024961124734788	0.445252495269192	0.018552187302883	0.268163434650763
233	5	47	Low_fiber	0.119190114986384	0.0148396757893813	0.0531797255250865	0.00643221442065332	0.0141812601400231	0.00148734406944766	0.0438943766238809	0.0222848373628934	0.000607768291715274	0.00226224864138463	0.479461652353161	0.0142656724027613	0.227913109393228
234	5	48	Low_fiber	0.119591215481626	0.0154245488149598	0.0597956077408132	0.00643255780242082	0.0249148365586722	0.00188899760817569	0.0509621656881931	0.0199998188011887	0.000838044502428064	0.00321627890121041	0.450732043197797	0.0174403855910705	0.228763499311445
235	5	49	Low_fiber	0.104040730839307	0.0120728114836447	0.0384831508505458	0.00762851839869226	0.0221363257104909	0.0014303471997548	0.0580652851329031	0.0138437175404839	0.00063003388560628	0.00241796788529978	0.517649462768403	0.0121579511979158	0.209443697106953
236	5	50	High_fiber2	0.309271580695522	0.0191494184211474	0.0785888742726293	0.010061917865094	0.00385530326620445	0.00224539640778941	0.107609563694058	0.0218184745285197	0.000580413788428583	0.00155271279897135	0.324099670180924	0.0277497103226804	0.093416963758031
237	5	51	High_fiber2	0.431688614546571	0.00636406926599584	0.065420851895202	0.00422787818370353	0.00113040111437968	0.00231420700581667	0.143080298532704	0.0158656691841085	0.000536272969617132	0.000932358399458832	0.260348288154375	0.0249222292934103	0.0431688614546571
238	5	52	High_fiber2	0.506675795960288	0.00860435923770398	0.0178705922629237	0.00707520255620221	0.000853588953554719	0.00114344402601849	0.106356270683556	0.0156567385598539	0.000328654570352619	0.000618509642816387	0.237361634143558	0.0264749515006276	0.0709802579025448
239	5	53	High_fiber2	0.474771068526037	0.0060466126651901	0.0173784126969908	0.00450136720630818	0.000846525773126614	0.00100105031901481	0.128994403524055	0.0148701881840231	0.000642732531447984	0.000915949844467685	0.257540909813652	0.0313528064120968	0.0611379725035888
240	5	54	High_fiber2	0.508346433237438	0.00293027721069988	0.025093534124778	0.00195891459941815	0.000979457299709077	0.000943840670628747	0.124658201781155	0.0151046886054309	0.000584436504454507	0.000631385697333124	0.202367210683694	0.0380450356085344	0.0783565839767262
241	5	55	High_fiber2	0.493977193990964	0.00301632091905987	0.0260103035774003	0.00306003571498827	0.000424033520505518	0.000590149745033453	0.114095617373134	0.0163274762792589	0.000421847780709098	0.000664464898111739	0.246988596995482	0.0393433163355635	0.0550806428697889
242	5	56	High_fiber2	0.41279516299808	0.00451922666599794	0.029932540255311	0.00309107278453539	5.24308548262964e-10	0.00049887567092185	0.179790879049875	0.0143793575736298	0.000161205314839061	0.000727771566991876	0.246503272690797	0.0395187786377309	0.0680818562669819
243	5	57	High_fiber2	0.417301535669651	0.00312441149783431	0.0286761055280683	0.00224700826899043	0.00202658745784184	0.000372361370289843	0.151298556778689	0.0156006574104193	0.000261080960777936	0.000738302716953998	0.243960897776104	0.0400181472667819	0.0943743472975981
244	5	58	High_fiber2	0.426989165689048	0.00368763370367814	0.029759850941964	0.00457180318818577	0.00129175005175626	0.000461493340694224	0.143623628459044	0.0141898419708785	0.000411893589124284	0.000858291353253744	0.2479987578497	0.0390328479746049	0.0871230418880685
245	5	59	High_fiber2	0.389187192443172	0.00283644902967058	0.0319925064974472	0.00209435480679165	0.00164744917479122	0.000748690615971187	0.151387221467302	0.0126485837544031	0.000298486787424636	0.000656341112679587	0.252312035778836	0.0519465956015251	0.102244092929986
246	5	60	High_fiber2	0.486011824714881	0.00360969947482412	0.0349173543969914	0.00283113684299931	0.00155240670224462	0.000495448947524879	0.132591575480468	0.0159723303559211	0.000495448947524879	0.00089652666694978	0.213986759716698	0.0469496859797385	0.0596898017732354
247	5	62	High_fiber2	0.35611382692868	0.00488307596015842	0.0291365858396193	0.00464027107816159	0.00161600138129	0.00071222765385736	0.175089298239934	0.0125179405829475	0.000453235779727411	0.000990104352142618	0.240916399581296	0.0393883475239298	0.133542685098255
248	5	63	High_fiber2	0.384945663439045	0.00293644448392605	0.0318320452459211	0.00232447958307424	0.00130042541431011	0.000562612892718605	0.183836230296211	0.0129795781390345	0.000382478063032385	0.000616900101665137	0.234668798673418	0.0582353695971889	0.0853789740704549
249	5	65	High_fiber2	0.323975724300626	0.00537755624009202	0.0308548308857739	0.00561998705419453	0.00161106295553576	0.00132455381159644	0.204743842092028	0.0127827156526777	0.000171244311416045	0.000965315423426354	0.235819064626986	0.0524532125058156	0.124300890139832
250	6	1	High_fiber1	0.648736352775093	0.0358029024880594	0.083846113519045	0.0146271687087969	0.000559994115838877	0.000538573575888756	0.0676277046996677	0.000905782832176545	0.00104042622614873	0.00218489507491234	4.52891416088272e-07	0.144129633092957	0
251	6	2	High_fiber1	0.247906162538391	0.0246595876267047	0.13967651652533	0.0395706453946058	9.69611840794977e-05	0.00035901843834841	0.345915575634965	0.016142726862965	0.00208335517143786	0.0021934192182308	0.0773068900093292	0.096175012316691	0.00791412907892116
252	6	3	High_fiber1	0.15749867169795	0.00436442102295523	0.0650596922676556	0.0355117486960953	0.000498790974052026	0.000333430922871735	0.236925712674712	0.0232859481907984	0.000832221896923761	0.00156685425544604	0.311744358782516	0.0520477538141245	0.110330394803899
253	6	4	High_fiber1	0.148343237889429	0.0106924185125158	0.070457410408788	0.0186385737439222	0.0009071672969566	0.0003534125697821	0.256618044300378	0.017085359265262	0.000873401764811813	0.00196290293535026	0.290383576445165	0.0488474698361246	0.134837025031514
254	6	5	High_fiber1	0.223653078761197	0.00451229895746275	0.0637607461380607	0.00623874377597024	0.000561094566014934	0.000215805602313436	0.159499958800749	0.0178137715364182	0.000156949528955226	0.00035706017837314	0.292318497679109	0.0741586524313444	0.156753342044032
255	6	6	High_fiber1	0.180072425459928	0.00237893846479171	0.0543521357580884	0.011977294353986	0.000910274370902939	0.000317191795305561	0.16685610065553	0.0157769877352506	0.000419618312539649	0.000619515225206175	0.320495876506661	0.0931750898710087	0.152648551490801
256	6	7	High_fiber1	0.236025095317827	0.00156744870993121	0.0516430977789433	0.00917875370680438	0.00102277541304392	0.000238042403824817	0.158560448649412	0.0161384680559198	0.000310665510076456	0.000411530935425955	0.304613584555486	0.107724274273265	0.112565814690041
257	6	8	High_fiber1	0.238253349487248	0.00241632829621819	0.0432573457225075	0.0194320107737827	0.000956392878083564	0.000631962785164758	0.129096141140608	0.0162046072452675	0.000434263197292361	0.00049002461951278	0.339637753524375	0.120985388817638	0.0882044315123005
258	6	9	High_fiber1	0.258582546252756	0.00141358458618173	0.0459702304449344	0.00429055484152721	0.00132930583036602	0.000578458733098757	0.147296280050644	0.0193458053122432	0.000440548041763954	0.000905996625018915	0.302637350429151	0.126801218977277	0.0904081198750376
259	6	10	High_fiber1	0.245995092932668	0.00153800410277033	0.0468460220454385	0.0126206178113282	0.00120002823595849	0.00104815300466963	0.139468522254	0.0192517898816871	0.000641726329389569	0.000896277773380764	0.335836779047208	0.132409532630714	0.0622474539507882
260	6	11	High_fiber1	0.282221747762472	0.00185039302446004	0.04491006942655	0.00397564549021918	0.00157553358316093	0.00042210557056648	0.157062537885202	0.0226022808425424	0.000358298914550617	0.000581622210606139	0.304308667152579	0.120741825999249	0.059389272137842
261	6	12	High_fiber1	0.289837873365953	0.00199691448185204	0.0385689768494851	0.0104067771854232	0.00128715402030234	0.000627601694296356	0.103154896662528	0.0235065361863726	0.000340046008909662	0.000577393558752647	0.301248813262251	0.117304462133937	0.111142554589936
262	6	13	High_fiber1	0.322790333208669	0.0025155384587986	0.0427418923972859	0.0119543730298659	0.000825898024968389	0.000968370999626008	0.126222150985735	0.025155384587986	0.000596605581378782	0.000520916813591922	0.296076650460366	0.119543730298659	0.0500881551530694
263	6	14	High_fiber1	0.35066946362092	0.00103557075975553	0.0394503146573535	0.0119172825527422	0.00098077865606476	0.000219442375281529	0.132322930413206	0.0203278704692752	0.000583535904306687	0.000594494325044841	0.272590715861574	0.11835094397206	0.0509566564324149
264	6	15	High_fiber1	0.405789260110916	0.00113350466657649	0.0362505072365751	0.00305694575950223	0.00110104152576762	0.000362505072365751	0.0982010009468416	0.0232111456783444	0.000714189097795212	0.000584336534559719	0.241038820505884	0.117408359258758	0.0711483836061139
265	6	16	High_fiber1	0.435309192396131	0.0023415421881308	0.0368608590335434	0.00645942672587808	0.00213090870793913	0.00125326920714047	0.12357164171245	0.0215548261396149	0.000509030910463218	0.00210282424391357	0.259781292236401	0.0719664390654895	0.0361587474329045
266	6	17	High_fiber1	0.456923241165795	0.00204974911924842	0.0348030319205722	0.00461193551830896	0.00139639158748799	0.000561545852460767	0.12234440055514	0.0180634141133767	0.00053165367780506	0.000862602754350379	0.243407707910751	0.0766520764385609	0.0377922493861428
267	6	18	High_fiber1	0.498282787123814	0.00154141684614937	0.0374876302462309	0.00379533150940101	0.00135048605855987	0.000477326968973747	0.122475114965947	0.0193957739100064	0.000505268059840503	0.00105011933174224	0.200011642121194	0.0605390302113045	0.0530880726468363
268	6	19	High_fiber1	0.486245078089902	0.00170185777331466	0.0218017494252266	0.00510028804735604	0.00156444068602838	0.000438677624798499	0.120504215004889	0.0176528104436986	0.000576094712084776	0.00113633360640575	0.225945403134167	0.0557596258027008	0.0615734256494279
269	6	20	High_fiber1	0.493731111044615	0.000895555565054952	0.0254346329932075	0.00220148504058854	0.00117341290027487	0.000401824454010336	0.121616018261639	0.0186591887420757	0.000540753121620293	0.000848533554479274	0.232972688761312	0.0617698229835038	0.0397549725776184
270	6	21	High_fiber1	0.444099575909306	0.00138842120160657	0.0118589227413144	0.0108584786417385	0.00130545754456856	0.00054902420098678	0.143234313768551	0.0174955712047787	0.000366016133991186	0.000875998614018906	0.209849250154947	0.0710071299942902	0.0871118398899024
271	6	23	High_fiber1	0.479886936528361	0.00261301073681102	0.0136846879152868	0.00812116354124918	0.00182198831396207	0.000812116354124918	0.133419115320522	0.0174815955449617	0.000408694918471956	0.001874723142152	0.195646212584639	0.0616997489822178	0.0825300061172401
272	6	25	High_fiber1	0.495616888145464	0.0019293657431377	0.0261083896433771	0.00597395356246764	0.00122576676800262	0.000502254614325983	0.129878175598834	0.0198246755258185	0.000342949185993513	0.000650497165690921	0.202008133427147	0.0725724729070143	0.0433664777127281
273	6	27	High_fiber1	0.408411539798401	0.00428687290001159	0.0335998146217124	0.0154095701540957	0.00169447340980188	0.000958753331016105	0.192329973351871	0.0189143784034295	0.000605375970339474	0.00111516626115166	0.208550573514077	0.0640134399258487	0.0501100683582435
274	6	29	High_fiber1	0.446474663958054	0.00264257191730173	0.0407408130861724	0.0127524325893019	0.000817606728373186	0.000775749728627118	0.144825219121394	0.0193658385491806	0.000535769596749665	0.000957130060860078	0.22714398528866	0.0622274062891537	0.0407408130861724
275	6	31	NA	0.469283810334255	0.00300967350361036	0.047866948654094	0.015110938692763	0.00107309564629766	0.00090102491584177	0.158930783766534	0.0157053648525197	0.00042235542930083	0.000807168153774919	0.177702136179905	0.0550626337458859	0.0541240661252174
276	6	33	NA	0.460351664828914	0.00243328737123854	0.0495426077387307	0.00710256854307467	0.00131309832015485	0.00058749641035309	0.147312532745252	0.0188524967501365	0.000350744125583934	0.00130652186780015	0.197951215876433	0.0495426077387307	0.0633531576835981
277	6	35	Low_fiber	0.439808997235486	0.000526470868611937	0.0550302883240461	0.00169640613219402	0.00172673778717578	0.000164657555615256	0.157941260583581	0.0158374569940463	0.000277317988404642	0.00027515144162023	0.172457124039136	0.0539470149318404	0.100311116118241
278	6	36	Low_fiber	0.326299253706993	0.00275023656695894	0.0358929179077692	0.00305322873111543	0.00157555925361376	0.000354267761167592	0.0855370186503331	0.0180863014911876	0.000312314999976693	0.00103017335813208	0.286677201471143	0.0405543358178691	0.197877190283741
279	6	37	Low_fiber	0.185320214278663	0.00356784711601911	0.027191844525	0.00284042197585988	0.0027191844525	0.000349856853124204	0.0505733668872612	0.0141674705869108	0.000341197030027071	0.00143753063412421	0.407011685565287	0.03948879332293	0.264990586772293
280	6	38	Low_fiber	0.168499759756202	0.00423443406678997	0.041686138481352	0.00212379905526046	0.00223788743426206	0.0005353377783921	0.0265474881907558	0.0163672943721519	0.000278638925638511	0.00183857810775647	0.401503333794075	0.0401503333794075	0.293996976657956
281	6	39	Low_fiber	0.139929597921046	0.0076523998863072	0.0551285134666621	0.0038261999431536	0.00390428565627918	0.00100105884226998	0.0242065710689309	0.0206146282651541	0.00034513885201508	0.00282670281514613	0.523174277941411	0.0615315419429599	0.155859083398665
282	6	40	Low_fiber	0.146146547572045	0.0110798514142314	0.0487844204059443	0.00376218835333977	0.00665617939437036	0.00141392133718923	0.0160203075485622	0.0197411531727444	0.000345211788465792	0.00291466240560938	0.413427291575799	0.0465105703022774	0.283197694729422
283	6	41	Low_fiber	0.165013072194258	0.00629709834695973	0.0419806556463982	0.00284720288294879	0.00405258804507309	0.000579831827987381	0.0134047143029341	0.018371732470998	0.000378241550873489	0.00160648746607256	0.450980310656852	0.0534110321837838	0.241077032424861
284	6	42	Low_fiber	0.0989160858567838	0.0136777753990342	0.0531252725643648	0.00763180221540316	0.00547111015961369	0.00102285972549299	0.0121315920930564	0.0155609473742636	0.000737410499774019	0.00257697217662964	0.539181870802509	0.0418262407129887	0.208140060420086
285	6	43	Low_fiber	0.163479438145202	0.0153325435775935	0.0473853443899137	0.0082924352682349	0.0112709426298866	0.00103232357420883	0.0199018446437637	0.0146894567608732	0.000795396852259266	0.0036554408529362	0.544931460484007	0.0419698764596378	0.127263496361482
286	6	44	Low_fiber	0.139005135409087	0.0191158348089047	0.0424796329086772	0.0097576978562506	0.0122391813627971	0.00172021483758901	0.0220809973040154	0.019305100500082	0.000618267924512431	0.00269177871896568	0.48788489281253	0.0307031010132023	0.212398164543386
287	6	45	Low_fiber	0.136676315670713	0.0148066008643273	0.0464183713598649	0.00992837387419332	0.0131088919118137	0.00122922724156679	0.0303008813043562	0.0164828198301002	0.000474928706968988	0.00234240855473392	0.481375702991191	0.0169126195649137	0.229942858125257
288	6	46	Low_fiber	0.131629083099519	0.0240309674737608	0.0387526412414701	0.0141804357615435	0.0124701236620596	0.00292268523329523	0.0350722227995428	0.0159773459420139	0.000636495895250961	0.00287938619280197	0.441650213031279	0.0156742526585611	0.264124147008902
289	6	47	Low_fiber	0.121571810219472	0.00099421730749721	0.0568124175712692	0.00757498900950255	0.0224882486219607	0.00180920496432315	0.0407493828412972	0.0231645869263806	0.00073044536877346	0.00387203679280376	0.429474823306618	0.0168408237800548	0.273917013290048
290	6	48	Low_fiber	0.0899654815743441	0.010844207759825	0.0514581833189147	0.00820222720687398	0.0184765960239056	0.000980813695474615	0.0659631745900182	0.018994631426445	0.000782233457834508	0.0024002306984326	0.550844311366905	0.012553724588205	0.168534184292821
291	6	49	Low_fiber	0.097675832670302	0.0123765845370316	0.036655389743822	0.00808574773760778	0.0226400936653018	0.00165811733605877	0.0519644054603594	0.0144465359578592	0.000776231782810347	0.00286774519760489	0.530425051587071	0.0170986612157946	0.203329603108377
292	6	50	High_fiber2	0.334826897216309	0.00571655678174186	0.0871094366741617	0.00702319833185429	0.00432825013474741	0.000947315123831509	0.123586513281467	0.0189463024766302	0.000604321716926997	0.00123586513281467	0.334826897216309	0.0283105669191026	0.0525378789941038
293	6	51	High_fiber2	0.456614710230582	0.00387691735101437	0.0556553024167841	0.00189538181605147	0.000837414147819105	0.000771937321446418	0.117169057719546	0.0182645884092233	0.000413537850774867	0.000747814280151217	0.286030346785949	0.0287753421164178	0.0289476495542407
294	6	52	High_fiber2	0.473975692904305	0.00466371804782846	0.0126478005753609	0.00337105706718035	0.00170327093920691	0.00095302064455625	0.154358928865627	0.0175142889730949	0.000387798294194431	0.000922605092070412	0.238508624076444	0.0316828671727477	0.0593103273473836
295	6	53	High_fiber2	0.460691588637849	0.00293346353448887	0.0181717237740485	0.00299252655867321	0.000844601245836057	0.000694974917902396	0.10788845751006	0.0183882881960577	0.000748131639668302	0.000570942567115283	0.255939771465472	0.0322877865541057	0.0978477433987227
296	6	54	High_fiber2	0.482047161990068	0.00377774548935479	0.0232476645498756	0.00394868419928035	0.000988025743369715	0.000839309065734481	0.123930564696028	0.0147178229245904	0.000311108452064512	0.000724780130084358	0.223929710002479	0.0364099452141435	0.085127477542927
297	6	55	High_fiber2	0.4628816094565	0.00293586946738613	0.0272157242597109	0.0037073388164803	0.00102433985796392	0.000580744982234775	0.113577431949974	0.0175080682836093	0.000315016650880118	0.000805756875720574	0.23144080472825	0.0437165964486694	0.0942906982226203
298	6	56	High_fiber2	0.381130105793157	0.00395397008149051	0.0291452433841826	0.00328138754185553	0.00130440250111027	0.000823404078825859	0.218079793154373	0.0129421185657035	0.000193826059149354	0.000625705574751333	0.230308566602282	0.0428007070676808	0.0754107695954375
299	6	57	High_fiber2	0.374169439174825	0.00381319173681351	0.0271689911247962	0.00269306666412454	0.00107484342081431	0.000312205073451606	0.15252766947254	0.0154910914308049	0.000381319173681351	0.000772171326704735	0.295522359603047	0.0433750560062536	0.0826985957921429
300	6	58	High_fiber2	0.456104570316121	0.00291091128209882	0.027255029201817	0.00309631964401594	0.00164642625382405	0.000406044312598498	0.121257068693798	0.0177435802354686	0.000361546305738389	0.000812088625196996	0.2577176230648	0.0407898396217669	0.0698989524427552
301	6	59	High_fiber2	0.396982160977235	0.00484124586557603	0.0286601755242101	0.00588695497254045	0.00132843786551406	0.000418283642785769	0.133037436386029	0.0159373813894763	0.000408601151054617	0.00079977381699316	0.245935289971262	0.0387299669246082	0.127034291512715
302	6	60	High_fiber2	0.393774404663697	0.0034537755045922	0.0303580267282627	0.00492767970081945	0.0011395259308145	0.000391574547654402	0.133751306165099	0.0166089204201727	0.000472969256998295	0.000668756530825496	0.279381840180388	0.0466369685970412	0.0884342517736347
303	6	62	High_fiber2	0.374943490659622	0.00284957052901313	0.030852492945706	0.00342805477174512	0.00146120834645636	0.000372800956427281	0.167117670122574	0.0138407711409209	0.000325665203315786	0.000726319104763496	0.248533970951521	0.0449932188791546	0.11055476638878
304	6	63	High_fiber2	0.361263187574896	0.00232324537700604	0.0337766394887098	0.00352451890316972	0.00135106557954839	0.000390634178434644	0.180044173970253	0.0145386404755751	0.000328955097629174	0.000663784393430297	0.256702460114194	0.0590356916280928	0.0860570032190606
305	6	65	High_fiber2	0.379744820576257	0.00302431503812229	0.0411579715714386	0.00357005609763308	0.00160538828339424	0.000557110664917263	0.167133199475179	0.0164631886285755	0.000372923057332372	0.000714011219526615	0.245583476779855	0.0616232613030932	0.0784502773046759
306	7	1	High_fiber1	0.487987433686211	0.0242997824121297	0.123739670684718	0.0433213333986738	0.000814142300078526	0.000545251265190205	0.181750421730068	0.00014141676649682	0.000702104368875059	0.00175277119038313	4.10805747746045e-07	0.134943463805065	1.79758636286451e-06
307	7	2	High_fiber1	0.147717998459258	0.0528835519441062	0.187380662417338	0.137039588932083	0.000490698342558293	0.000620364743959707	0.353404505780325	0.0128649410017874	0.00240772710053214	0.00345777070403771	0.00803423192996997	0.093054711593956	0.000643247050089368
308	7	3	High_fiber1	0.175468506157135	0.0532438068010439	0.100979633588187	0.0283267543572056	0.000566535087144112	0.0027015330544372	0.343593038962402	0.01662885394673	0.00117765858392457	0.00453752639240423	0.0965207926245525	0.0377690058096075	0.138486354635227
309	7	4	High_fiber1	0.178895195420669	0.0277637617724386	0.0866712215330908	0.0193622060360832	0.000680815723463276	0.00117814919521304	0.241424015412509	0.0183965099744332	0.00101156662457841	0.00357307542810514	0.107675110873979	0.0502161952058019	0.263152176799635
310	7	5	High_fiber1	0.170910622373537	0.00425884775621353	0.0695890156244041	0.0187333630060896	0.000634651822494566	0.000211828963560686	0.254695797185319	0.0169240485998551	0.000300624547497426	0.000556712124995233	0.196797736185815	0.0910224324367206	0.175364319373498
311	7	6	High_fiber1	0.189714921710976	0.00252953228947968	0.0538429015903531	0.00715496276167108	0.000581792426580325	0.000267407699173566	0.182487686598177	0.0142015169966502	0.000440861341880743	0.000411952401429547	0.227657906053171	0.111118739859286	0.209589818271173
312	7	7	High_fiber1	0.253224584884334	0.00166667817687507	0.0517959378172501	0.00506449169768668	0.000584718586914735	0.000319983793626567	0.187386192814407	0.015124413842637	0.000361420543880367	0.000352212377157301	0.253224584884334	0.122698821584864	0.108195958996034
313	7	8	High_fiber1	0.277058285331375	0.00177188438293321	0.0449414311671241	0.00771575108568189	0.000541230138786871	0.000475187175422997	0.144166956611384	0.0157053388487262	0.000468743959485058	0.000396257780183245	0.265782657439981	0.133696730712233	0.107279545366683
314	7	9	High_fiber1	0.257790516804446	0.00206887813062551	0.0447856406312809	0.00281821836167573	0.000771186885016691	0.000246867189821207	0.14746491427373	0.0158169774717304	0.0004063477637765	0.000889158816435675	0.259975182201094	0.149431113130713	0.117534998339654
315	7	10	High_fiber1	0.23428082177193	0.00163357627544609	0.0445133561366666	0.00579312577472408	0.00037697914048756	0.000962681194917384	0.140142527932663	0.0161653767022632	0.000334382627438118	0.000338642278743062	0.236410647424402	0.18082219789488	0.138225684845439
316	7	11	High_fiber1	0.313053589308475	0.00260877991090395	0.0447219413297821	0.00695674642907721	0.00102363554599279	0.000501879563811999	0.143110212255303	0.0184850690829766	0.000454673070186118	0.000745365688829701	0.245970677313801	0.140128749499984	0.082238681000877
317	7	12	High_fiber1	0.336157163360847	0.00110404558554788	0.0466335672701567	0.0115842395020919	0.00111558039017301	0.000599809840506609	0.134298082421123	0.0181261215537711	0.000495996598880465	0.000522361866595041	0.232343921734703	0.127047633799614	0.0899714760759913
318	7	13	High_fiber1	0.36157356816867	0.00128559490904416	0.0409783377257826	0.00661545713612307	0.00101508431359945	0.000348181954532793	0.150253904994536	0.0192839236356624	0.000409783377257826	0.000953482890874419	0.254440659081657	0.110346896359624	0.0524951254526365
319	7	14	High_fiber1	0.402894410590122	0.000750069381417781	0.0338602749325741	0.00664347166398606	0.000945087420586404	0.000185374289978966	0.12986915575405	0.0160943458698501	0.000422181908969437	0.000512190234739571	0.218591648298896	0.0981519361969554	0.0910798534578734
320	7	15	High_fiber1	0.433427649631739	0.00162382753242314	0.0372381501796283	0.00860750684479933	0.000787495307077385	0.000573833789653288	0.10774645092958	0.0205115056727133	0.000720344544458383	0.000509735334426059	0.198399980465233	0.0869907606655251	0.102862759102744
321	7	16	High_fiber1	0.415785266199015	0.00323626676268306	0.0330056345333239	0.0126878802881349	0.00101588771225945	0.000645110129514967	0.150668578421602	0.0154312057558397	0.00039863948202586	0.00127736092090007	0.225038417272663	0.0758700949662121	0.0649396575558256
322	7	17	High_fiber1	0.403566141031377	0.00260588422494546	0.0311322451652776	0.00650318010119133	0.00149665386016779	0.000544237767333742	0.160734628742211	0.0158889754954639	0.000435851432313887	0.000737949515028803	0.232915315680966	0.0599583980960902	0.0834805388876333
323	7	18	High_fiber1	0.472190167362505	0.00228867683160398	0.0296323421355041	0.00623965578300453	0.00126720422465652	0.000575782908161422	0.133947822986506	0.0192248853854734	0.000631192978821307	0.00106001874305868	0.205258174792272	0.0679375648960339	0.0597465109723986
324	7	19	High_fiber1	0.523349460471565	0.0017435013454567	0.0241936979155141	0.00517368323780461	0.0014952841727759	0.000696802424513569	0.14952841727759	0.0141154825910045	0.000163285031667128	0.000819415726681193	0.183919953251436	0.0529330597162668	0.0418679568377252
325	7	20	High_fiber1	0.564206976987938	0.00229696911580069	0.00515145500728117	0.00383571541667689	0.00204274146609071	0.000773833284643535	0.124660751041999	0.0161679864947136	0.000231926978682789	0.000981229525196413	0.17840536821753	0.058427758091241	0.0428172883722071
326	7	21	High_fiber1	0.458156796670442	0.00159498510990411	0.00815690371642235	0.00490270590829585	0.00165707177861179	0.000637994043961643	0.143441613910839	0.0180051339252262	0.000413197484847641	0.000789999336314921	0.211951041450345	0.0642275883182862	0.0860649683465036
327	7	23	High_fiber1	0.443896424167694	0.00266337854500617	0.0178051787916153	0.00781750924784217	0.00169667077681874	0.00079901356350185	0.146979038224414	0.0156843403205919	0.000290998766954377	0.000838471023427867	0.185203452527744	0.0665844636251541	0.109741060419236
328	7	25	High_fiber1	0.473851267849787	0.00172396139659922	0.0295264106599867	0.00878648833349605	0.00121915502079945	0.000695299347799687	0.153823074889931	0.0188588042279915	0.000497662889349776	0.000514331024399768	0.192159785504914	0.0723873293599674	0.0459564294949793
329	7	27	High_fiber1	0.420059022305937	0.00210297064670361	0.0315713150522933	0.00433436698175553	0.00159729449883213	0.000513702753393248	0.190765657900722	0.0140465596630966	0.000390628135392782	0.000711692356263562	0.172036911683259	0.0628750765871944	0.0989948014351571
330	7	29	High_fiber1	0.406575970304114	0.00308892133282995	0.0446177525853215	0.00702267585070742	0.00119068677017633	0.000953077436881721	0.173718823675394	0.0170550699231466	0.000443537422149942	0.00079995142209186	0.211736317002532	0.0638905096192178	0.0689067066554374
